40	19	v	 0	 1	 2	 5	 1	 1	 1	773.59	  0.05
40	19	v	 0	 1	 2	 5	 1	 1	 1	421.95	  0.05
40	19	v	 0	 1	 4	-1	 1	 1	 1	523.41	  0.05
40	19	v	 0	 2	 4	-1	 2	 2	 1	483.55	  0.05
40	19	v	 0	 1	 2	 6	 1	 1	 1	452.98	  0.05
40	19	v	 0	 2	 1	 1	 2	 2	 1	446.83	  0.05
40	19	v	 0	 1	 3	 3	 1	 1	 1	543.52	  0.05
40	19	v	 0	 2	 3	 4	 2	 2	 1	450.36	  0.05
40	19	v	 0	 1	 4	-1	 1	 1	 1	387.87	  0.05
40	19	v	 0	 2	 3	 3	 2	 2	 1	404.29	  0.05
40	19	v	 0	 2	 4	-1	 2	 2	 1	497.65	  0.05
40	19	v	 0	 1	 2	 2	 1	 1	 1	479.22	  0.05
40	19	v	 0	 1	 1	 2	 1	 1	 1	505.50	  0.05
40	19	v	 0	 2	 4	-1	 2	 2	 1	437.65	  0.05
40	19	v	 0	 2	 4	-1	 2	 2	 1	477.35	  0.05
40	19	v	 0	 1	 4	-1	 1	 1	 1	451.34	  0.05
40	19	v	 0	 2	 3	 3	 2	 2	 1	535.63	  0.05
40	19	v	 0	 1	 1	 2	 1	 1	 1	594.17	  0.05
40	19	v	 0	 2	 2	 6	 2	 2	 1	454.51	  0.05
40	19	v	 0	 2	 2	 2	 2	 2	 1	415.62	  0.05
40	19	v	 0	 2	 2	 6	 2	 2	 1	471.45	  0.05
40	19	v	 0	 1	 1	 1	 1	 1	 1	465.74	  0.05
40	19	v	 0	 2	 3	 1	 2	 2	 1	398.21	  0.05
40	19	v	 0	 2	 2	 5	 2	 2	 1	462.75	  0.05
40	19	v	 0	 1	 1	 4	 1	 1	 1	493.88	  0.05
40	19	v	 0	 1	 2	 2	 1	 1	 1	520.31	  0.05
40	19	v	 0	 2	 1	 2	 2	 2	 1	385.81	  0.05
40	19	v	 0	 1	 1	 4	 1	 1	 1	1753.36	  0.05
40	19	v	 0	 1	 4	-1	 1	 1	 1	506.56	  0.05
40	19	v	 0	 2	 2	 3	 2	 2	 1	421.71	  0.05
40	19	v	 0	 2	 1	 3	 2	 2	 1	395.37	  0.05
40	19	v	 0	 2	 2	 4	 2	 2	 1	509.03	  0.05
40	19	v	 0	 2	 1	 4	 2	 2	 1	445.11	  0.05
40	19	v	 0	 1	 3	 2	 1	 1	 1	422.86	  0.05
40	19	v	 0	 1	 1	 1	 1	 1	 1	564.86	  0.05
40	19	v	 0	 1	 3	 1	 1	 1	 1	545.24	  0.05
40	19	v	 0	 2	 3	 4	 2	 2	 1	542.08	  0.05
40	19	v	 0	 2	 4	-1	 2	 2	 1	375.52	  0.05
40	19	v	 0	 1	 4	-1	 1	 1	 1	559.43	  0.05
40	19	v	 0	 1	 3	 2	 1	 1	 1	445.96	  0.05
40	19	v	 0	 2	 1	 2	 2	 2	 1	509.69	  0.05
40	19	v	 0	 2	 4	-1	 2	 2	 1	429.61	  0.05
40	19	v	 0	 1	 3	 1	 1	 1	 1	445.26	  0.05
40	19	v	 0	 1	 2	 4	 1	 1	 1	570.49	  0.05
40	19	v	 0	 1	 3	 1	 1	 1	 1	492.99	  0.05
40	19	v	 0	 2	 1	 2	 2	 2	 1	691.59	  0.05
40	19	v	 0	 2	 3	 2	 2	 2	 1	452.01	  0.05
40	19	v	 0	 1	 4	-1	 1	 1	 1	437.59	  0.05
40	19	v	 1	 1	 4	-1	 1	 1	 1	795.05	  0.05
40	19	v	 1	 1	 4	-1	 1	 1	 1	512.96	  0.05
40	19	v	 1	 1	 2	 1	 1	 1	 1	419.73	  0.05
40	19	v	 1	 2	 2	 1	 2	 2	 1	504.50	  0.05
40	19	v	 1	 1	 3	 3	 1	 1	 1	477.60	  0.05
40	19	v	 1	 1	 4	-1	 1	 1	 1	377.02	  0.05
40	19	v	 1	 2	 4	-1	 2	 2	 1	512.05	  0.05
40	19	v	 1	 1	 2	 6	 1	 1	 1	493.31	  0.05
40	19	v	 1	 1	 3	 4	 1	 1	 1	491.44	  0.05
40	19	v	 1	 2	 1	 3	 2	 2	 1	386.91	  0.05
40	19	v	 1	 2	 4	-1	 2	 2	 1	546.52	  0.05
40	19	v	 1	 2	 1	 1	 2	 2	 1	559.53	  0.05
40	19	v	 1	 1	 2	 4	 1	 1	 1	461.84	  0.05
40	19	v	 1	 1	 3	 4	 1	 1	 1	365.75	  0.05
40	19	v	 1	 1	 2	 3	 1	 1	 1	569.48	  0.05
40	19	v	 1	 2	 3	 1	 2	 2	 1	443.04	  0.05
40	19	v	 1	 1	 3	 2	 1	 1	 1	560.31	  0.05
40	19	v	 1	 1	 3	 3	 1	 1	 1	381.05	  0.05
40	19	v	 1	 2	 4	-1	 2	 2	 1	368.59	  0.05
40	19	v	 1	 2	 2	 1	 2	 2	 1	360.78	  0.05
40	19	v	 1	 2	 2	 3	 2	 2	 1	406.03	  0.05
40	19	v	 1	 2	 1	 4	 2	 2	 1	385.37	  0.05
40	19	v	 1	 1	 4	-1	 1	 1	 1	393.06	  0.05
40	19	v	 1	 1	 3	 4	 1	 1	 1	515.43	  0.05
40	19	v	 1	 1	 4	-1	 1	 1	 1	422.78	  0.05
40	19	v	 1	 2	 1	 1	 2	 2	 1	479.26	  0.05
40	19	v	 1	 2	 2	 2	 2	 2	 1	427.86	  0.05
40	19	v	 1	 2	 3	 4	 2	 2	 1	386.42	  0.05
40	19	v	 1	 1	 1	 1	 1	 1	 1	475.94	  0.05
40	19	v	 1	 2	 2	 4	 2	 2	 1	331.01	  0.05
40	19	v	 1	 2	 3	 1	 2	 2	 1	479.00	  0.05
40	19	v	 1	 1	 1	 3	 1	 1	 1	342.44	  0.05
40	19	v	 1	 2	 4	-1	 2	 1	 0	424.69	  0.05
40	19	v	 1	 2	 3	 2	 2	 2	 1	546.91	  0.05
40	19	v	 1	 2	 4	-1	 2	 2	 1	457.79	  0.05
40	19	v	 1	 2	 2	 5	 2	 2	 1	472.44	  0.05
40	19	v	 1	 1	 1	 4	 1	 1	 1	569.12	  0.05
40	19	v	 1	 1	 2	 3	 1	 1	 1	454.69	  0.05
40	19	v	 1	 2	 3	 3	 2	 2	 1	444.79	  0.05
40	19	v	 1	 2	 4	-1	 2	 2	 1	525.48	  0.05
40	19	v	 1	 1	 1	 2	 1	 1	 1	448.93	  0.05
40	19	v	 1	 1	 1	 3	 1	 1	 1	673.29	  0.05
40	19	v	 1	 1	 4	-1	 1	 1	 1	494.96	  0.05
40	19	v	 1	 1	 2	 1	 1	 1	 1	423.56	  0.05
40	19	v	 1	 2	 1	 3	 2	 2	 1	373.61	  0.05
40	19	v	 1	 2	 3	 2	 2	 2	 1	360.87	  0.05
40	19	v	 1	 1	 1	 3	 1	 1	 1	513.20	  0.05
40	19	v	 1	 2	 1	 4	 2	 2	 1	490.07	  0.05
40	19	v	 2	 2	 3	 3	 2	 2	 1	431.07	  0.05
40	19	v	 2	 1	 1	 3	 1	 1	 1	360.56	  0.05
40	19	v	 2	 2	 1	 1	 2	 2	 1	287.09	  0.05
40	19	v	 2	 1	 4	-1	 1	 1	 1	354.25	  0.05
40	19	v	 2	 1	 2	 1	 1	 1	 1	538.95	  0.05
40	19	v	 2	 1	 3	 4	 1	 1	 1	457.80	  0.05
40	19	v	 2	 1	 2	 5	 1	 1	 1	436.47	  0.05
40	19	v	 2	 2	 2	 5	 2	 2	 1	324.68	  0.05
40	19	v	 2	 2	 1	 4	 2	 2	 1	443.77	  0.05
40	19	v	 2	 2	 3	 2	 2	 2	 1	418.12	  0.05
40	19	v	 2	 2	 2	 3	 2	 2	 1	433.15	  0.05
40	19	v	 2	 1	 2	 3	 1	 1	 1	620.85	  0.05
40	19	v	 2	 1	 3	 1	 1	 1	 1	730.29	  0.05
40	19	v	 2	 1	 1	 4	 1	 1	 1	601.27	  0.05
40	19	v	 2	 2	 2	 4	 2	 2	 1	506.74	  0.05
40	19	v	 2	 2	 4	-1	 2	 2	 1	434.67	  0.05
40	19	v	 2	 2	 2	 6	 2	 2	 1	449.30	  0.05
40	19	v	 2	 2	 2	 1	 2	 2	 1	485.08	  0.05
40	19	v	 2	 1	 1	 3	 1	 1	 1	417.84	  0.05
40	19	v	 2	 1	 2	 4	 1	 1	 1	494.65	  0.05
40	19	v	 2	 1	 4	-1	 1	 1	 1	430.88	  0.05
40	19	v	 2	 2	 3	 2	 2	 2	 1	438.31	  0.05
40	19	v	 2	 1	 3	 3	 1	 1	 1	481.81	  0.05
40	19	v	 2	 2	 4	-1	 2	 2	 1	488.07	  0.05
40	19	v	 2	 1	 3	 2	 1	 1	 1	505.89	  0.05
40	19	v	 2	 2	 1	 2	 2	 2	 1	499.60	  0.05
40	19	v	 2	 1	 1	 2	 1	 1	 1	505.65	  0.05
40	19	v	 2	 1	 4	-1	 1	 1	 1	527.82	  0.05
40	19	v	 2	 2	 1	 3	 2	 2	 1	345.07	  0.05
40	19	v	 2	 2	 4	-1	 2	 2	 1	427.60	  0.05
40	19	v	 2	 1	 4	-1	 1	 1	 1	320.72	  0.05
40	19	v	 2	 2	 1	 1	 2	 2	 1	525.65	  0.05
40	19	v	 2	 2	 4	-1	 2	 2	 1	351.05	  0.05
40	19	v	 2	 1	 4	-1	 1	 2	 0	351.51	  0.05
40	19	v	 2	 2	 3	 4	 2	 2	 1	515.92	  0.05
40	19	v	 2	 1	 2	 2	 1	 1	 1	386.39	  0.05
40	19	v	 2	 1	 4	-1	 1	 1	 1	410.67	  0.05
40	19	v	 2	 2	 4	-1	 2	 2	 1	426.39	  0.05
40	19	v	 2	 1	 1	 4	 1	 1	 1	360.07	  0.05
40	19	v	 2	 2	 2	 1	 2	 2	 1	323.22	  0.05
40	19	v	 2	 1	 3	 4	 1	 1	 1	340.82	  0.05
40	19	v	 2	 2	 3	 3	 2	 2	 1	423.12	  0.05
40	19	v	 2	 2	 4	-1	 2	 2	 1	721.49	  0.05
40	19	v	 2	 2	 3	 3	 2	 2	 1	546.86	  0.05
40	19	v	 2	 2	 1	 4	 2	 2	 1	473.68	  0.05
40	19	v	 2	 1	 3	 4	 1	 1	 1	648.42	  0.05
40	19	v	 2	 1	 1	 2	 1	 1	 1	475.48	  0.05
40	19	v	 2	 1	 2	 1	 1	 1	 1	457.53	  0.05
40	19	v	 3	 2	 3	 2	 2	 2	 1	455.63	  0.05
40	19	v	 3	 2	 3	 1	 2	 2	 1	380.21	  0.05
40	19	v	 3	 2	 4	-1	 2	 2	 1	375.87	  0.05
40	19	v	 3	 1	 2	 2	 1	 1	 1	437.31	  0.05
40	19	v	 3	 2	 1	 2	 2	 2	 1	456.62	  0.05
40	19	v	 3	 1	 3	 3	 1	 1	 1	561.91	  0.05
40	19	v	 3	 2	 4	-1	 2	 2	 1	435.64	  0.05
40	19	v	 3	 1	 4	-1	 1	 1	 1	393.32	  0.05
40	19	v	 3	 1	 2	 6	 1	 1	 1	417.45	  0.05
40	19	v	 3	 1	 4	-1	 1	 1	 1	477.99	  0.05
40	19	v	 3	 2	 3	 1	 2	 2	 1	390.02	  0.05
40	19	v	 3	 1	 3	 1	 1	 1	 1	422.74	  0.05
40	19	v	 3	 1	 1	 2	 1	 1	 1	360.34	  0.05
40	19	v	 3	 2	 4	-1	 2	 2	 1	299.35	  0.05
40	19	v	 3	 2	 3	 4	 2	 2	 1	366.43	  0.05
40	19	v	 3	 2	 1	 4	 2	 2	 1	469.25	  0.05
40	19	v	 3	 1	 4	-1	 1	 1	 1	364.66	  0.05
40	19	v	 3	 2	 2	 4	 2	 2	 1	320.01	  0.05
40	19	v	 3	 1	 3	 3	 1	 2	 0	353.86	  0.05
40	19	v	 3	 2	 2	 2	 2	 2	 1	383.47	  0.05
40	19	v	 3	 2	 2	 6	 2	 2	 1	403.34	  0.05
40	19	v	 3	 2	 4	-1	 2	 2	 1	447.83	  0.05
40	19	v	 3	 2	 1	 2	 2	 2	 1	450.80	  0.05
40	19	v	 3	 1	 1	 3	 1	 1	 1	482.59	  0.05
40	19	v	 3	 2	 1	 3	 2	 2	 1	386.04	  0.05
40	19	v	 3	 1	 4	-1	 1	 1	 1	602.68	  0.05
40	19	v	 3	 1	 2	 6	 1	 1	 1	516.29	  0.05
40	19	v	 3	 1	 3	 2	 1	 1	 1	931.72	  0.05
40	19	v	 3	 2	 3	 1	 2	 2	 1	396.98	  0.05
40	19	v	 3	 1	 1	 1	 1	 1	 1	519.57	  0.05
40	19	v	 3	 2	 3	 4	 2	 2	 1	402.28	  0.05
40	19	v	 3	 2	 4	-1	 2	 2	 1	340.20	  0.05
40	19	v	 3	 1	 3	 1	 1	 1	 1	377.21	  0.05
40	19	v	 3	 1	 2	 5	 1	 1	 1	352.70	  0.05
40	19	v	 3	 2	 4	-1	 2	 2	 1	418.85	  0.05
40	19	v	 3	 1	 2	 3	 1	 1	 1	463.17	  0.05
40	19	v	 3	 2	 2	 3	 2	 2	 1	383.68	  0.05
40	19	v	 3	 1	 4	-1	 1	 1	 1	321.95	  0.05
40	19	v	 3	 1	 1	 4	 1	 1	 1	408.65	  0.05
40	19	v	 3	 1	 3	 2	 1	 1	 1	641.80	  0.05
40	19	v	 3	 2	 1	 1	 2	 2	 1	403.14	  0.05
40	19	v	 3	 2	 1	 3	 2	 1	 0	328.91	  0.05
40	19	v	 3	 2	 2	 5	 2	 2	 1	465.01	  0.05
40	19	v	 3	 1	 4	-1	 1	 1	 1	340.52	  0.05
40	19	v	 3	 2	 2	 2	 2	 1	 0	370.10	  0.05
40	19	v	 3	 1	 1	 1	 1	 1	 1	480.66	  0.05
40	19	v	 3	 1	 2	 4	 1	 1	 1	826.92	  0.05
40	19	v	 3	 1	 1	 1	 1	 1	 1	511.32	  0.05
