05	19	m	 0	 2	 2	 6	 2	 2	 1	443.76	  0.05
05	19	m	 0	 2	 4	-1	 2	 2	 1	447.11	  0.05
05	19	m	 0	 2	 4	-1	 2	 2	 1	441.87	  0.05
05	19	m	 0	 1	 2	 6	 1	 1	 1	538.92	  0.05
05	19	m	 0	 2	 2	 3	 2	 2	 1	421.10	  0.05
05	19	m	 0	 1	 3	 3	 1	 1	 1	432.58	  0.05
05	19	m	 0	 1	 4	-1	 1	 1	 1	484.68	  0.05
05	19	m	 0	 2	 3	 4	 2	 2	 1	417.16	  0.05
05	19	m	 0	 2	 1	 1	 2	 2	 1	531.06	  0.05
05	19	m	 0	 1	 3	 4	 1	 1	 1	564.72	  0.05
05	19	m	 0	 1	 4	-1	 1	 1	 1	450.22	  0.05
05	19	m	 0	 1	 2	 1	 1	 1	 1	484.83	  0.05
05	19	m	 0	 2	 1	 2	 2	 2	 1	424.26	  0.05
05	19	m	 0	 2	 4	-1	 2	 2	 1	423.76	  0.05
05	19	m	 0	 1	 2	 5	 1	 1	 1	561.16	  0.05
05	19	m	 0	 2	 1	 4	 2	 2	 1	475.91	  0.05
05	19	m	 0	 1	 3	 2	 1	 1	 1	514.36	  0.05
05	19	m	 0	 2	 2	 1	 2	 2	 1	338.97	  0.05
05	19	m	 0	 1	 1	 4	 1	 1	 1	662.83	  0.05
05	19	m	 0	 1	 3	 2	 1	 1	 1	570.62	  0.05
05	19	m	 0	 2	 4	-1	 2	 2	 1	431.72	  0.05
05	19	m	 0	 2	 1	 4	 2	 2	 1	467.87	  0.05
05	19	m	 0	 1	 2	 5	 1	 1	 1	563.65	  0.05
05	19	m	 0	 1	 4	-1	 1	 1	 1	544.48	  0.05
05	19	m	 0	 1	 4	-1	 1	 1	 1	451.10	  0.05
05	19	m	 0	 2	 2	 4	 2	 2	 1	355.34	  0.05
05	19	m	 0	 2	 3	 3	 2	 2	 1	396.48	  0.05
05	19	m	 0	 2	 2	 6	 2	 2	 1	321.74	  0.05
05	19	m	 0	 2	 3	 4	 2	 2	 1	412.71	  0.05
05	19	m	 0	 1	 4	-1	 1	 1	 1	383.96	  0.05
05	19	m	 0	 1	 1	 3	 1	 1	 1	412.29	  0.05
05	19	m	 0	 2	 3	 1	 2	 2	 1	358.55	  0.05
05	19	m	 0	 2	 1	 3	 2	 2	 1	415.92	  0.05
05	19	m	 0	 1	 1	 4	 1	 1	 1	448.73	  0.05
05	19	m	 0	 1	 3	 3	 1	 1	 1	520.78	  0.05
05	19	m	 0	 2	 3	 3	 2	 2	 1	345.80	  0.05
05	19	m	 0	 1	 3	 1	 1	 1	 1	452.04	  0.05
05	19	m	 0	 1	 4	-1	 1	 1	 1	491.43	  0.05
05	19	m	 0	 1	 1	 2	 1	 1	 1	444.08	  0.05
05	19	m	 0	 1	 2	 3	 1	 1	 1	512.22	  0.05
05	19	m	 0	 2	 2	 2	 2	 2	 1	320.92	  0.05
05	19	m	 0	 2	 4	-1	 2	 2	 1	632.70	  0.05
05	19	m	 0	 1	 2	 4	 1	 1	 1	501.41	  0.05
05	19	m	 0	 1	 1	 1	 1	 1	 1	502.94	  0.05
05	19	m	 0	 1	 1	 4	 1	 1	 1	483.98	  0.05
05	19	m	 0	 2	 4	-1	 2	 2	 1	423.89	  0.05
05	19	m	 0	 2	 1	 3	 2	 2	 1	443.55	  0.05
05	19	m	 0	 2	 3	 2	 2	 2	 1	430.40	  0.05
05	19	m	 1	 2	 3	 2	 2	 2	 1	451.64	  0.05
05	19	m	 1	 1	 2	 4	 1	 1	 1	474.63	  0.05
05	19	m	 1	 1	 1	 2	 1	 1	 1	567.28	  0.05
05	19	m	 1	 1	 4	-1	 1	 1	 1	452.61	  0.05
05	19	m	 1	 1	 3	 4	 1	 1	 1	430.89	  0.05
05	19	m	 1	 2	 1	 4	 2	 2	 1	360.47	  0.05
05	19	m	 1	 1	 1	 1	 1	 1	 1	467.26	  0.05
05	19	m	 1	 2	 2	 1	 2	 2	 1	423.71	  0.05
05	19	m	 1	 2	 1	 2	 2	 2	 1	366.37	  0.05
05	19	m	 1	 1	 3	 2	 1	 1	 1	374.90	  0.05
05	19	m	 1	 2	 4	-1	 2	 2	 1	288.47	  0.05
05	19	m	 1	 2	 1	 1	 2	 1	 0	327.07	  0.05
05	19	m	 1	 1	 2	 3	 1	 1	 1	438.43	  0.05
05	19	m	 1	 1	 1	 2	 1	 1	 1	514.52	  0.05
05	19	m	 1	 2	 1	 1	 2	 2	 1	373.45	  0.05
05	19	m	 1	 1	 4	-1	 1	 1	 1	480.01	  0.05
05	19	m	 1	 2	 3	 3	 2	 2	 1	375.00	  0.05
05	19	m	 1	 2	 2	 4	 2	 2	 1	392.20	  0.05
05	19	m	 1	 1	 1	 3	 1	 1	 1	535.19	  0.05
05	19	m	 1	 2	 3	 1	 2	 2	 1	540.43	  0.05
05	19	m	 1	 2	 2	 5	 2	 2	 1	434.52	  0.05
05	19	m	 1	 1	 4	-1	 1	 1	 1	572.10	  0.05
05	19	m	 1	 2	 4	-1	 2	 2	 1	695.15	  0.05
05	19	m	 1	 2	 3	 4	 2	 2	 1	394.96	  0.05
05	19	m	 1	 2	 3	 1	 2	 2	 1	398.64	  0.05
05	19	m	 1	 2	 3	 2	 2	 2	 1	414.27	  0.05
05	19	m	 1	 1	 4	-1	 1	 1	 1	380.72	  0.05
05	19	m	 1	 1	 3	 1	 1	 1	 1	360.77	  0.05
05	19	m	 1	 2	 2	 5	 2	 2	 1	422.16	  0.05
05	19	m	 1	 1	 3	 3	 1	 1	 1	400.52	  0.05
05	19	m	 1	 1	 3	 1	 1	 1	 1	564.57	  0.05
05	19	m	 1	 1	 3	 4	 1	 1	 1	491.16	  0.05
05	19	m	 1	 1	 2	 2	 1	 1	 1	348.30	  0.05
05	19	m	 1	 2	 4	-1	 2	 2	 1	353.27	  0.05
05	19	m	 1	 1	 1	 3	 1	 1	 1	337.01	  0.05
05	19	m	 1	 1	 4	-1	 1	 1	 1	431.21	  0.05
05	19	m	 1	 1	 2	 2	 1	 1	 1	345.11	  0.05
05	19	m	 1	 2	 2	 3	 2	 2	 1	533.49	  0.05
05	19	m	 1	 2	 4	-1	 2	 2	 1	313.74	  0.05
05	19	m	 1	 1	 1	 1	 1	 1	 1	941.72	  0.05
05	19	m	 1	 2	 2	 2	 2	 2	 1	345.24	  0.05
05	19	m	 1	 1	 2	 6	 1	 1	 1	375.03	  0.05
05	19	m	 1	 1	 2	 1	 1	 1	 1	411.64	  0.05
05	19	m	 1	 2	 4	-1	 2	 2	 1	382.12	  0.05
05	19	m	 1	 2	 1	 2	 2	 2	 1	394.87	  0.05
05	19	m	 1	 1	 4	-1	 1	 1	 1	345.01	  0.05
05	19	m	 1	 2	 4	-1	 2	 2	 1	251.38	  0.05
05	19	m	 1	 2	 1	 3	 2	 1	 0	343.34	  0.05
05	19	m	 2	 2	 1	 4	 2	 2	 1	373.57	  0.05
05	19	m	 2	 1	 1	 3	 1	 1	 1	385.53	  0.05
05	19	m	 2	 1	 2	 5	 1	 1	 1	450.95	  0.05
05	19	m	 2	 2	 2	 1	 2	 2	 1	292.99	  0.05
05	19	m	 2	 2	 3	 4	 2	 1	 0	316.01	  0.05
05	19	m	 2	 2	 4	-1	 2	 2	 1	296.28	  0.05
05	19	m	 2	 1	 2	 5	 1	 1	 1	523.71	  0.05
05	19	m	 2	 1	 2	 2	 1	 1	 1	397.94	  0.05
05	19	m	 2	 1	 1	 1	 1	 1	 1	388.94	  0.05
05	19	m	 2	 1	 3	 2	 1	 1	 1	786.56	  0.05
05	19	m	 2	 2	 3	 1	 2	 2	 1	643.35	  0.05
05	19	m	 2	 2	 1	 3	 2	 2	 1	441.97	  0.05
05	19	m	 2	 1	 2	 4	 1	 1	 1	333.93	  0.05
05	19	m	 2	 2	 2	 5	 2	 2	 1	482.02	  0.05
05	19	m	 2	 1	 1	 1	 1	 1	 1	291.85	  0.05
05	19	m	 2	 2	 4	-1	 2	 1	 0	379.46	  0.05
05	19	m	 2	 2	 4	-1	 2	 2	 1	424.58	  0.05
05	19	m	 2	 1	 3	 4	 1	 1	 1	361.60	  0.05
05	19	m	 2	 1	 3	 1	 1	 1	 1	448.51	  0.05
05	19	m	 2	 1	 3	 2	 1	 1	 1	389.44	  0.05
05	19	m	 2	 2	 4	-1	 2	 2	 1	377.25	  0.05
05	19	m	 2	 1	 1	 4	 1	 1	 1	446.83	  0.05
05	19	m	 2	 2	 1	 2	 2	 2	 1	507.50	  0.05
05	19	m	 2	 1	 2	 6	 1	 1	 1	414.29	  0.05
05	19	m	 2	 2	 2	 2	 2	 2	 1	254.35	  0.05
05	19	m	 2	 1	 4	-1	 1	 1	 1	383.60	  0.05
05	19	m	 2	 1	 4	-1	 1	 1	 1	493.94	  0.05
05	19	m	 2	 2	 4	-1	 2	 2	 1	352.43	  0.05
05	19	m	 2	 1	 2	 6	 1	 1	 1	283.31	  0.05
05	19	m	 2	 1	 3	 3	 1	 1	 1	490.02	  0.05
05	19	m	 2	 2	 3	 2	 2	 2	 1	307.39	  0.05
05	19	m	 2	 2	 3	 2	 2	 2	 1	406.54	  0.05
05	19	m	 2	 1	 4	-1	 1	 1	 1	332.55	  0.05
05	19	m	 2	 2	 1	 3	 2	 2	 1	374.75	  0.05
05	19	m	 2	 2	 2	 2	 2	 2	 1	456.95	  0.05
05	19	m	 2	 1	 1	 3	 1	 1	 1	421.79	  0.05
05	19	m	 2	 2	 2	 6	 2	 2	 1	326.54	  0.05
05	19	m	 2	 2	 2	 4	 2	 2	 1	536.56	  0.05
05	19	m	 2	 1	 4	-1	 1	 1	 1	369.70	  0.05
05	19	m	 2	 2	 3	 3	 2	 2	 1	406.24	  0.05
05	19	m	 2	 1	 4	-1	 1	 1	 1	369.16	  0.05
05	19	m	 2	 2	 1	 4	 2	 2	 1	278.91	  0.05
05	19	m	 2	 1	 4	-1	 1	 1	 1	375.69	  0.05
05	19	m	 2	 2	 3	 1	 2	 2	 1	305.39	  0.05
05	19	m	 2	 2	 1	 1	 2	 2	 1	577.63	  0.05
05	19	m	 2	 1	 1	 4	 1	 2	 0	298.99	  0.05
05	19	m	 2	 1	 3	 3	 1	 1	 1	472.53	  0.05
05	19	m	 2	 2	 4	-1	 2	 2	 1	396.91	  0.05
05	19	m	 3	 2	 1	 1	 2	 2	 1	404.79	  0.05
05	19	m	 3	 1	 2	 1	 1	 1	 1	358.46	  0.05
05	19	m	 3	 1	 3	 1	 1	 1	 1	408.71	  0.05
05	19	m	 3	 2	 4	-1	 2	 2	 1	383.09	  0.05
05	19	m	 3	 2	 2	 5	 2	 2	 1	456.99	  0.05
05	19	m	 3	 1	 4	-1	 1	 1	 1	406.00	  0.05
05	19	m	 3	 1	 1	 2	 1	 1	 1	736.65	  0.05
05	19	m	 3	 2	 3	 4	 2	 2	 1	308.30	  0.05
05	19	m	 3	 2	 2	 3	 2	 2	 1	374.87	  0.05
05	19	m	 3	 2	 1	 3	 2	 2	 1	387.48	  0.05
05	19	m	 3	 1	 3	 4	 1	 1	 1	301.51	  0.05
05	19	m	 3	 1	 3	 2	 1	 1	 1	535.78	  0.05
05	19	m	 3	 1	 1	 2	 1	 1	 1	459.20	  0.05
05	19	m	 3	 2	 3	 4	 2	 2	 1	375.61	  0.05
05	19	m	 3	 1	 2	 1	 1	 1	 1	383.30	  0.05
05	19	m	 3	 1	 2	 4	 1	 1	 1	432.73	  0.05
05	19	m	 3	 1	 1	 4	 1	 1	 1	415.17	  0.05
05	19	m	 3	 2	 2	 1	 2	 2	 1	386.01	  0.05
05	19	m	 3	 1	 4	-1	 1	 1	 1	381.42	  0.05
05	19	m	 3	 2	 1	 2	 2	 2	 1	254.84	  0.05
05	19	m	 3	 2	 2	 6	 2	 2	 1	461.84	  0.05
05	19	m	 3	 2	 4	-1	 2	 2	 1	459.93	  0.05
05	19	m	 3	 1	 4	-1	 1	 1	 1	417.71	  0.05
05	19	m	 3	 1	 4	-1	 1	 2	 0	240.43	  0.05
05	19	m	 3	 2	 3	 3	 2	 2	 1	300.86	  0.05
05	19	m	 3	 1	 2	 2	 1	 1	 1	297.75	  0.05
05	19	m	 3	 1	 3	 1	 1	 1	 1	426.30	  0.05
05	19	m	 3	 2	 3	 2	 2	 2	 1	257.85	  0.05
05	19	m	 3	 1	 2	 3	 1	 1	 1	333.62	  0.05
05	19	m	 3	 2	 4	-1	 2	 2	 1	403.67	  0.05
05	19	m	 3	 1	 4	-1	 1	 1	 1	357.95	  0.05
05	19	m	 3	 2	 3	 3	 2	 2	 1	288.38	  0.05
05	19	m	 3	 2	 2	 3	 2	 2	 1	449.86	  0.05
05	19	m	 3	 2	 4	-1	 2	 2	 1	415.82	  0.05
05	19	m	 3	 1	 2	 3	 1	 1	 1	312.87	  0.05
05	19	m	 3	 1	 1	 3	 1	 1	 1	412.73	  0.05
05	19	m	 3	 2	 4	-1	 2	 2	 1	293.34	  0.05
05	19	m	 3	 1	 1	 1	 1	 1	 1	409.70	  0.05
05	19	m	 3	 2	 1	 1	 2	 2	 1	351.89	  0.05
05	19	m	 3	 2	 3	 1	 2	 2	 1	416.79	  0.05
05	19	m	 3	 2	 2	 4	 2	 2	 1	425.12	  0.05
05	19	m	 3	 1	 1	 2	 1	 1	 1	443.57	  0.05
05	19	m	 3	 2	 1	 4	 2	 2	 1	360.99	  0.05
05	19	m	 3	 2	 1	 2	 2	 2	 1	361.67	  0.05
05	19	m	 3	 1	 3	 4	 1	 1	 1	418.87	  0.05
05	19	m	 3	 2	 4	-1	 2	 2	 1	369.00	  0.05
05	19	m	 3	 1	 3	 3	 1	 1	 1	401.63	  0.05
05	19	m	 3	 1	 4	-1	 1	 2	 0	274.49	  0.05
