17	19	m	 0	 2	 4	-1	 2	 2	 1	428.76	  0.05
17	19	m	 0	 2	 2	 6	 2	 2	 1	517.70	  0.05
17	19	m	 0	 2	 1	 4	 2	 2	 1	469.69	  0.08
17	19	m	 0	 2	 1	 2	 2	 2	 1	397.97	  0.05
17	19	m	 0	 1	 3	 3	 1	 1	 1	385.09	  0.05
17	19	m	 0	 2	 1	 1	 2	 2	 1	580.95	  0.05
17	19	m	 0	 1	 3	 4	 1	 1	 1	483.44	  0.05
17	19	m	 0	 2	 2	 1	 2	 2	 1	399.03	  0.05
17	19	m	 0	 1	 1	 2	 1	 1	 1	619.53	  0.05
17	19	m	 0	 1	 1	 2	 1	 1	 1	463.20	  0.05
17	19	m	 0	 1	 3	 1	 1	 1	 1	494.38	  0.05
17	19	m	 0	 2	 1	 2	 2	 2	 1	299.52	  0.05
17	19	m	 0	 1	 4	-1	 1	 1	 1	513.52	  0.06
17	19	m	 0	 1	 2	 1	 1	 1	 1	408.32	  0.06
17	19	m	 0	 1	 1	 4	 1	 1	 1	407.44	  0.05
17	19	m	 0	 2	 2	 3	 2	 2	 1	443.38	  0.05
17	19	m	 0	 2	 4	-1	 2	 2	 1	409.06	  0.05
17	19	m	 0	 2	 3	 4	 2	 2	 1	387.81	  0.05
17	19	m	 0	 1	 3	 1	 1	 1	 1	 31.28	  0.05
17	19	m	 0	 2	 3	 2	 2	 2	 1	363.81	  0.05
17	19	m	 0	 2	 3	 3	 2	 2	 1	367.99	  0.06
17	19	m	 0	 1	 4	-1	 1	 1	 1	351.25	  0.05
17	19	m	 0	 1	 2	 6	 1	 1	 1	375.72	  0.05
17	19	m	 0	 2	 3	 4	 2	 2	 1	314.32	  0.06
17	19	m	 0	 1	 2	 2	 1	 1	 1	326.72	  0.06
17	19	m	 0	 1	 2	 5	 1	 1	 1	343.72	  0.06
17	19	m	 0	 2	 3	 1	 2	 2	 1	278.52	  0.05
17	19	m	 0	 1	 1	 3	 1	 1	 1	349.37	  0.05
17	19	m	 0	 2	 2	 3	 2	 2	 1	410.78	  0.06
17	19	m	 0	 1	 1	 4	 1	 1	 1	401.66	  0.05
17	19	m	 0	 1	 1	 1	 1	 1	 1	417.08	  0.05
17	19	m	 0	 1	 2	 2	 1	 1	 1	456.89	  0.05
17	19	m	 0	 1	 4	-1	 1	 1	 1	397.57	  0.06
17	19	m	 0	 2	 4	-1	 2	 2	 1	282.26	  0.05
17	19	m	 0	 1	 4	-1	 1	 1	 1	287.69	  0.05
17	19	m	 0	 2	 4	-1	 2	 2	 1	281.13	  0.05
17	19	m	 0	 1	 2	 3	 1	 1	 1	326.84	  0.05
17	19	m	 0	 2	 2	 4	 2	 2	 1	294.70	  0.05
17	19	m	 0	 2	 1	 2	 2	 2	 1	365.31	  0.05
17	19	m	 0	 2	 4	-1	 2	 2	 1	356.86	  0.05
17	19	m	 0	 1	 4	-1	 1	 1	 1	414.80	  0.06
17	19	m	 0	 2	 1	 3	 2	 2	 1	368.29	  0.05
17	19	m	 0	 1	 3	 2	 1	 1	 1	347.26	  0.05
17	19	m	 0	 2	 4	-1	 2	 2	 1	306.68	  0.05
17	19	m	 0	 2	 2	 2	 2	 2	 1	340.01	  0.05
17	19	m	 0	 1	 3	 2	 1	 1	 1	295.12	  0.10
17	19	m	 0	 1	 4	-1	 1	 1	 1	341.44	  0.05
17	19	m	 0	 2	 3	 3	 2	 2	 1	272.02	  0.06
17	19	m	 1	 2	 4	-1	 2	 2	 1	348.14	  0.05
17	19	m	 1	 2	 1	 1	 2	 2	 1	388.69	  0.05
17	19	m	 1	 1	 2	 3	 1	 1	 1	207.79	  0.05
17	19	m	 1	 2	 1	 4	 2	 2	 1	259.48	  0.05
17	19	m	 1	 1	 4	-1	 1	 1	 1	367.70	  0.05
17	19	m	 1	 2	 2	 1	 2	 2	 1	383.53	  0.05
17	19	m	 1	 2	 1	 3	 2	 2	 1	366.59	  0.05
17	19	m	 1	 1	 3	 1	 1	 1	 1	394.89	  0.05
17	19	m	 1	 1	 3	 4	 1	 1	 1	357.27	  0.05
17	19	m	 1	 1	 2	 5	 1	 1	 1	394.17	  0.05
17	19	m	 1	 2	 2	 6	 2	 2	 1	119.08	  0.05
17	19	m	 1	 1	 4	-1	 1	 1	 1	286.77	  0.05
17	19	m	 1	 1	 3	 3	 1	 1	 1	370.22	  0.05
17	19	m	 1	 1	 4	-1	 1	 1	 1	312.06	  0.05
17	19	m	 1	 2	 4	-1	 2	 2	 1	308.65	  0.05
17	19	m	 1	 1	 1	 3	 1	 1	 1	276.61	  0.05
17	19	m	 1	 1	 1	 1	 1	 1	 1	359.93	  0.06
17	19	m	 1	 2	 4	-1	 2	 2	 1	274.23	  0.05
17	19	m	 1	 2	 3	 3	 2	 2	 1	422.52	  0.06
17	19	m	 1	 1	 4	-1	 1	 1	 1	241.16	  0.07
17	19	m	 1	 2	 1	 1	 2	 2	 1	341.10	  0.05
17	19	m	 1	 1	 2	 1	 1	 1	 1	370.23	  0.05
17	19	m	 1	 1	 4	-1	 1	 1	 1	361.60	  0.06
17	19	m	 1	 2	 2	 2	 2	 2	 1	311.84	  0.05
17	19	m	 1	 1	 1	 2	 1	 1	 1	337.69	  0.06
17	19	m	 1	 1	 3	 4	 1	 1	 1	337.91	  0.05
17	19	m	 1	 2	 4	-1	 2	 2	 1	153.79	  0.05
17	19	m	 1	 2	 3	 1	 2	 2	 1	275.89	  0.05
17	19	m	 1	 1	 2	 4	 1	 1	 1	248.46	  0.05
17	19	m	 1	 2	 2	 4	 2	 2	 1	312.40	  0.06
17	19	m	 1	 2	 3	 4	 2	 2	 1	263.45	  0.05
17	19	m	 1	 1	 3	 3	 1	 1	 1	318.14	  0.05
17	19	m	 1	 2	 3	 2	 2	 2	 1	298.33	  0.05
17	19	m	 1	 2	 4	-1	 2	 2	 1	393.48	  0.05
17	19	m	 1	 2	 4	-1	 2	 2	 1	401.56	  0.05
17	19	m	 1	 1	 3	 2	 1	 1	 1	1149.64	  0.06
17	19	m	 1	 1	 1	 3	 1	 1	 1	443.84	  0.05
17	19	m	 1	 2	 3	 1	 2	 2	 1	282.49	  0.05
17	19	m	 1	 1	 1	 1	 1	 1	 1	398.59	  0.05
17	19	m	 1	 2	 1	 3	 2	 2	 1	344.71	  0.05
17	19	m	 1	 2	 1	 4	 2	 2	 1	332.23	  0.05
17	19	m	 1	 1	 4	-1	 1	 1	 1	271.58	  0.05
17	19	m	 1	 1	 2	 4	 1	 2	 0	260.66	  0.05
17	19	m	 1	 1	 1	 4	 1	 1	 1	659.47	  0.05
17	19	m	 1	 2	 2	 5	 2	 2	 1	359.45	  0.05
17	19	m	 1	 2	 2	 5	 2	 2	 1	359.14	  0.05
17	19	m	 1	 2	 3	 2	 2	 2	 1	339.29	  0.05
17	19	m	 1	 1	 2	 6	 1	 1	 1	289.88	  0.05
17	19	m	 2	 1	 3	 2	 1	 1	 1	488.25	  0.05
17	19	m	 2	 2	 1	 3	 2	 2	 1	387.71	  0.05
17	19	m	 2	 2	 1	 4	 2	 2	 1	370.69	  0.05
17	19	m	 2	 2	 3	 3	 2	 2	 1	337.44	  0.05
17	19	m	 2	 1	 2	 6	 1	 1	 1	333.66	  0.05
17	19	m	 2	 1	 4	-1	 1	 1	 1	497.67	  0.05
17	19	m	 2	 2	 3	 1	 2	 2	 1	364.74	  0.05
17	19	m	 2	 1	 4	-1	 1	 1	 1	478.81	  0.06
17	19	m	 2	 1	 1	 4	 1	 1	 1	406.87	  0.05
17	19	m	 2	 2	 1	 4	 2	 2	 1	340.64	  0.05
17	19	m	 2	 2	 1	 1	 2	 2	 1	500.54	  0.05
17	19	m	 2	 2	 1	 3	 2	 2	 1	375.42	  0.05
17	19	m	 2	 1	 1	 4	 1	 1	 1	432.02	  0.05
17	19	m	 2	 2	 4	-1	 2	 2	 1	291.49	  0.05
17	19	m	 2	 2	 2	 3	 2	 2	 1	382.62	  0.05
17	19	m	 2	 1	 4	-1	 1	 1	 1	259.42	  0.05
17	19	m	 2	 1	 3	 1	 1	 1	 1	375.75	  0.05
17	19	m	 2	 1	 4	-1	 1	 1	 1	379.43	  0.05
17	19	m	 2	 2	 2	 2	 2	 2	 1	 96.43	  0.05
17	19	m	 2	 1	 2	 5	 1	 1	 1	342.50	  0.05
17	19	m	 2	 1	 1	 4	 1	 1	 1	404.20	  0.05
17	19	m	 2	 2	 2	 4	 2	 2	 1	288.50	  0.05
17	19	m	 2	 2	 3	 2	 2	 2	 1	400.15	  0.05
17	19	m	 2	 2	 4	-1	 2	 2	 1	379.06	  0.05
17	19	m	 2	 1	 1	 1	 1	 1	 1	468.44	  0.05
17	19	m	 2	 2	 1	 4	 2	 2	 1	278.02	  0.05
17	19	m	 2	 2	 4	-1	 2	 2	 1	348.94	  0.05
17	19	m	 2	 2	 3	 3	 2	 2	 1	304.02	  0.05
17	19	m	 2	 2	 3	 4	 2	 2	 1	321.80	  0.06
17	19	m	 2	 1	 2	 1	 1	 1	 1	309.59	  0.05
17	19	m	 2	 1	 3	 1	 1	 1	 1	404.59	  0.06
17	19	m	 2	 2	 4	-1	 2	 2	 1	260.33	  0.05
17	19	m	 2	 1	 3	 3	 1	 1	 1	294.77	  0.05
17	19	m	 2	 2	 2	 3	 2	 2	 1	369.48	  0.05
17	19	m	 2	 1	 4	-1	 1	 1	 1	270.82	  0.05
17	19	m	 2	 1	 3	 1	 1	 1	 1	493.24	  0.05
17	19	m	 2	 2	 2	 5	 2	 2	 1	240.85	  0.05
17	19	m	 2	 1	 1	 3	 1	 1	 1	386.35	  0.05
17	19	m	 2	 1	 2	 3	 1	 1	 1	385.78	  0.05
17	19	m	 2	 2	 4	-1	 2	 2	 1	290.84	  0.05
17	19	m	 2	 1	 3	 4	 1	 1	 1	321.07	  0.05
17	19	m	 2	 2	 4	-1	 2	 2	 1	304.66	  0.05
17	19	m	 2	 1	 2	 3	 1	 1	 1	305.40	  0.05
17	19	m	 2	 1	 1	 2	 1	 1	 1	457.61	  0.05
17	19	m	 2	 1	 2	 4	 1	 1	 1	378.10	  0.05
17	19	m	 2	 1	 4	-1	 1	 1	 1	378.20	  0.05
17	19	m	 2	 2	 2	 1	 2	 2	 1	393.52	  0.05
17	19	m	 2	 2	 3	 2	 2	 2	 1	388.95	  0.05
17	19	m	 3	 2	 3	 4	 2	 2	 1	312.74	  0.05
17	19	m	 3	 2	 2	 6	 2	 2	 1	337.60	  0.05
17	19	m	 3	 2	 1	 1	 2	 2	 1	440.28	  0.05
17	19	m	 3	 1	 2	 6	 1	 1	 1	442.82	  0.05
17	19	m	 3	 2	 4	-1	 2	 2	 1	330.88	  0.05
17	19	m	 3	 2	 3	 3	 2	 2	 1	385.00	  0.05
17	19	m	 3	 1	 1	 2	 1	 1	 1	457.53	  0.05
17	19	m	 3	 1	 2	 5	 1	 1	 1	382.01	  0.05
17	19	m	 3	 1	 4	-1	 1	 1	 1	381.28	  0.05
17	19	m	 3	 2	 2	 1	 2	 2	 1	389.42	  0.05
17	19	m	 3	 1	 3	 3	 1	 1	 1	274.10	  0.05
17	19	m	 3	 1	 4	-1	 1	 1	 1	369.52	  0.05
17	19	m	 3	 2	 1	 2	 2	 2	 1	389.71	  0.05
17	19	m	 3	 2	 4	-1	 2	 2	 1	356.17	  0.05
17	19	m	 3	 2	 2	 5	 2	 2	 1	384.90	  0.05
17	19	m	 3	 1	 2	 4	 1	 1	 1	 36.17	  0.05
17	19	m	 3	 1	 2	 2	 1	 1	 1	405.93	  0.05
17	19	m	 3	 1	 1	 1	 1	 1	 1	430.07	  0.05
17	19	m	 3	 1	 3	 4	 1	 2	 0	231.52	  0.05
17	19	m	 3	 2	 1	 2	 2	 2	 1	295.41	  0.05
17	19	m	 3	 1	 4	-1	 1	 1	 1	267.53	  0.05
17	19	m	 3	 1	 4	-1	 1	 1	 1	506.51	  0.05
17	19	m	 3	 1	 3	 2	 1	 1	 1	438.87	  0.05
17	19	m	 3	 1	 2	 2	 1	 1	 1	375.53	  0.05
17	19	m	 3	 2	 3	 2	 2	 2	 1	461.11	  0.05
17	19	m	 3	 1	 2	 1	 1	 1	 1	430.65	  0.05
17	19	m	 3	 1	 3	 2	 1	 1	 1	421.26	  0.05
17	19	m	 3	 2	 4	-1	 2	 2	 1	489.53	  0.06
17	19	m	 3	 1	 1	 1	 1	 1	 1	331.51	  0.05
17	19	m	 3	 2	 3	 1	 2	 2	 1	311.61	  0.05
17	19	m	 3	 1	 1	 2	 1	 1	 1	467.90	  0.05
17	19	m	 3	 2	 3	 4	 2	 2	 1	302.10	  0.05
17	19	m	 3	 2	 4	-1	 2	 2	 1	368.48	  0.05
17	19	m	 3	 1	 4	-1	 1	 1	 1	273.75	  0.10
17	19	m	 3	 1	 1	 3	 1	 1	 1	386.24	  0.05
17	19	m	 3	 2	 1	 2	 2	 2	 1	364.55	  0.06
17	19	m	 3	 1	 3	 3	 1	 1	 1	327.69	  0.10
17	19	m	 3	 2	 4	-1	 2	 2	 1	319.95	  0.05
17	19	m	 3	 1	 3	 4	 1	 1	 1	332.58	  0.07
17	19	m	 3	 1	 4	-1	 1	 1	 1	374.65	  0.05
17	19	m	 3	 2	 4	-1	 2	 2	 1	295.91	  0.05
17	19	m	 3	 2	 2	 2	 2	 2	 1	427.98	  0.05
17	19	m	 3	 2	 1	 1	 2	 2	 1	406.31	  0.05
17	19	m	 3	 1	 1	 3	 1	 1	 1	384.97	  0.05
17	19	m	 3	 2	 2	 6	 2	 2	 1	339.07	  0.05
17	19	m	 3	 2	 1	 3	 2	 2	 1	564.64	  0.06
17	19	m	 3	 2	 2	 4	 2	 2	 1	413.68	  0.05
17	19	m	 3	 2	 3	 1	 2	 2	 1	466.02	  0.05
