45	18	v	 0	 2	 4	-1	 2	 2	 1	284.62	  0.05
45	18	v	 0	 1	 1	 1	 1	 1	 1	330.12	  0.06
45	18	v	 0	 2	 3	 3	 2	 2	 1	347.52	  0.05
45	18	v	 0	 1	 3	 2	 1	 1	 1	789.96	  0.05
45	18	v	 0	 2	 3	 1	 2	 2	 1	520.37	  0.05
45	18	v	 0	 2	 2	 5	 2	 2	 1	250.86	  0.06
45	18	v	 0	 2	 2	 4	 2	 2	 1	384.31	  0.05
45	18	v	 0	 1	 4	-1	 1	 1	 1	395.25	  0.06
45	18	v	 0	 1	 1	 2	 1	 1	 1	480.83	  0.07
45	18	v	 0	 1	 4	-1	 1	 1	 1	261.72	  0.05
45	18	v	 0	 1	 1	 4	 1	 1	 1	541.81	  0.05
45	18	v	 0	 2	 4	-1	 2	 2	 1	526.22	  0.05
45	18	v	 0	 2	 2	 6	 2	 2	 1	322.23	  0.05
45	18	v	 0	 2	 1	 4	 2	 2	 1	400.32	  0.05
45	18	v	 0	 2	 1	 2	 2	 2	 1	526.46	  0.05
45	18	v	 0	 1	 1	 1	 1	 1	 1	318.98	  0.06
45	18	v	 0	 2	 3	 4	 2	 2	 1	315.51	  0.05
45	18	v	 0	 1	 4	-1	 1	 1	 1	283.45	  0.05
45	18	v	 0	 2	 1	 3	 2	 2	 1	530.87	  0.05
45	18	v	 0	 1	 2	 1	 1	 1	 1	429.21	  0.05
45	18	v	 0	 1	 2	 1	 1	 1	 1	1144.74	  0.05
45	18	v	 0	 1	 4	-1	 1	 1	 1	381.89	  0.06
45	18	v	 0	 2	 2	 2	 2	 2	 1	414.44	  0.05
45	18	v	 0	 1	 3	 3	 1	 1	 1	315.95	  0.05
45	18	v	 0	 1	 2	 3	 1	 1	 1	242.46	  0.05
45	18	v	 0	 1	 1	 3	 1	 1	 1	313.97	  0.06
45	18	v	 0	 1	 2	 2	 1	 1	 1	388.68	  0.05
45	18	v	 0	 2	 3	 1	 2	 2	 1	310.38	  0.05
45	18	v	 0	 2	 2	 3	 2	 2	 1	450.77	  0.05
45	18	v	 0	 2	 4	-1	 2	 2	 1	490.11	  0.06
45	18	v	 0	 2	 1	 2	 2	 2	 1	516.71	  0.05
45	18	v	 0	 1	 2	 3	 1	 1	 1	428.00	  0.05
45	18	v	 0	 2	 2	 4	 2	 2	 1	394.10	  0.05
45	18	v	 0	 1	 4	-1	 1	 1	 1	471.10	  0.05
45	18	v	 0	 1	 1	 4	 1	 1	 1	399.89	  0.05
45	18	v	 0	 2	 4	-1	 2	 2	 1	447.85	  0.06
45	18	v	 0	 1	 3	 2	 1	 1	 1	361.23	  0.05
45	18	v	 0	 2	 3	 3	 2	 2	 1	 62.45	  0.05
45	18	v	 0	 2	 3	 2	 2	 2	 1	411.78	  0.08
45	18	v	 0	 2	 4	-1	 2	 2	 1	398.67	  0.05
45	18	v	 0	 1	 3	 2	 1	 1	 1	378.27	  0.05
45	18	v	 0	 2	 1	 2	 2	 2	 1	496.15	  0.05
45	18	v	 0	 2	 1	 1	 2	 2	 1	555.56	  0.05
45	18	v	 0	 2	 4	-1	 2	 2	 1	404.92	  0.05
45	18	v	 0	 1	 2	 4	 1	 1	 1	395.74	  0.05
45	18	v	 0	 1	 4	-1	 1	 1	 1	378.97	  0.06
45	18	v	 0	 1	 3	 4	 1	 1	 1	325.63	  0.05
45	18	v	 0	 1	 3	 1	 1	 1	 1	375.52	  0.05
45	18	v	 1	 1	 4	-1	 1	 1	 1	312.72	  0.06
45	18	v	 1	 2	 2	 3	 2	 2	 1	517.69	  0.06
45	18	v	 1	 1	 3	 3	 1	 1	 1	305.90	  0.05
45	18	v	 1	 2	 2	 6	 2	 2	 1	397.01	  0.05
45	18	v	 1	 1	 1	 3	 1	 1	 1	347.47	  0.08
45	18	v	 1	 2	 1	 1	 2	 2	 1	429.83	  0.05
45	18	v	 1	 1	 4	-1	 1	 1	 1	649.99	  0.06
45	18	v	 1	 2	 2	 2	 2	 2	 1	485.15	  0.05
45	18	v	 1	 1	 2	 2	 1	 1	 1	515.78	  0.05
45	18	v	 1	 2	 3	 3	 2	 2	 1	271.45	  0.05
45	18	v	 1	 2	 4	-1	 2	 2	 1	514.39	  0.05
45	18	v	 1	 2	 1	 3	 2	 2	 1	589.83	  0.05
45	18	v	 1	 1	 1	 2	 1	 1	 1	443.19	  0.06
45	18	v	 1	 1	 3	 1	 1	 1	 1	687.15	  0.05
45	18	v	 1	 2	 3	 1	 2	 2	 1	456.43	  0.05
45	18	v	 1	 2	 1	 4	 2	 2	 1	663.20	  0.06
45	18	v	 1	 1	 2	 4	 1	 1	 1	424.42	  0.06
45	18	v	 1	 1	 4	-1	 1	 1	 1	1091.54	  0.05
45	18	v	 1	 1	 3	 4	 1	 1	 1	419.13	  0.05
45	18	v	 1	 1	 1	 2	 1	 1	 1	708.99	  0.05
45	18	v	 1	 2	 3	 4	 2	 2	 1	588.22	  0.05
45	18	v	 1	 1	 1	 1	 1	 1	 1	744.18	  0.06
45	18	v	 1	 2	 1	 1	 2	 2	 1	541.17	  0.06
45	18	v	 1	 1	 4	-1	 1	 1	 1	316.87	  0.05
45	18	v	 1	 2	 3	 2	 2	 2	 1	432.47	  0.06
45	18	v	 1	 2	 1	 4	 2	 2	 1	497.08	  0.06
45	18	v	 1	 1	 3	 3	 1	 1	 1	605.27	  0.05
45	18	v	 1	 2	 4	-1	 2	 2	 1	326.69	  0.05
45	18	v	 1	 2	 1	 3	 2	 2	 1	687.84	  0.05
45	18	v	 1	 2	 4	-1	 2	 2	 1	625.51	  0.05
45	18	v	 1	 1	 3	 4	 1	 1	 1	423.90	  0.05
45	18	v	 1	 1	 2	 6	 1	 1	 1	529.43	  0.05
45	18	v	 1	 1	 2	 5	 1	 1	 1	526.97	  0.05
45	18	v	 1	 2	 4	-1	 2	 1	 0	 12.27	  0.05
45	18	v	 1	 1	 1	 3	 1	 1	 1	428.16	  0.05
45	18	v	 1	 2	 2	 5	 2	 2	 1	590.30	  0.05
45	18	v	 1	 1	 1	 4	 1	 1	 1	340.75	  0.06
45	18	v	 1	 2	 2	 1	 2	 2	 1	378.09	  0.05
45	18	v	 1	 2	 4	-1	 2	 2	 1	582.70	  0.05
45	18	v	 1	 2	 3	 2	 2	 2	 1	530.07	  0.05
45	18	v	 1	 2	 3	 4	 2	 2	 1	383.80	  0.05
45	18	v	 1	 1	 3	 1	 1	 1	 1	375.47	  0.05
45	18	v	 1	 2	 4	-1	 2	 2	 1	510.50	  0.05
45	18	v	 1	 1	 4	-1	 1	 1	 1	344.21	  0.06
45	18	v	 1	 1	 2	 6	 1	 1	 1	610.42	  0.05
45	18	v	 1	 1	 4	-1	 1	 1	 1	442.59	  0.06
45	18	v	 1	 1	 2	 5	 1	 1	 1	372.35	  0.06
45	18	v	 1	 2	 2	 1	 2	 2	 1	1612.73	  0.05
45	18	v	 2	 2	 1	 2	 2	 2	 1	351.86	  0.05
45	18	v	 2	 2	 3	 4	 2	 2	 1	577.25	  0.06
45	18	v	 2	 1	 1	 1	 1	 1	 1	507.94	  0.06
45	18	v	 2	 2	 4	-1	 2	 2	 1	665.28	  0.05
45	18	v	 2	 1	 1	 2	 1	 1	 1	455.27	  0.06
45	18	v	 2	 2	 4	-1	 2	 2	 1	494.68	  0.05
45	18	v	 2	 1	 2	 6	 1	 1	 1	558.51	  0.05
45	18	v	 2	 2	 2	 2	 2	 2	 1	280.44	  0.06
45	18	v	 2	 1	 3	 1	 1	 1	 1	339.27	  0.05
45	18	v	 2	 1	 2	 4	 1	 1	 1	331.34	  0.05
45	18	v	 2	 2	 2	 2	 2	 2	 1	491.12	  0.05
45	18	v	 2	 2	 1	 4	 2	 2	 1	346.29	  0.05
45	18	v	 2	 2	 4	-1	 2	 2	 1	264.31	  0.06
45	18	v	 2	 1	 1	 4	 1	 1	 1	528.06	  0.05
45	18	v	 2	 2	 2	 5	 2	 2	 1	394.16	  0.05
45	18	v	 2	 1	 3	 4	 1	 1	 1	352.99	  0.08
45	18	v	 2	 2	 1	 3	 2	 1	 0	357.20	  0.05
45	18	v	 2	 2	 3	 3	 2	 2	 1	758.57	  0.07
45	18	v	 2	 1	 2	 6	 1	 1	 1	416.29	  0.06
45	18	v	 2	 1	 4	-1	 1	 1	 1	427.59	  0.06
45	18	v	 2	 2	 4	-1	 2	 2	 1	532.85	  0.06
45	18	v	 2	 1	 4	-1	 1	 1	 1	349.93	  0.05
45	18	v	 2	 1	 1	 2	 1	 1	 1	550.77	  0.05
45	18	v	 2	 1	 3	 1	 1	 1	 1	412.59	  0.05
45	18	v	 2	 2	 3	 1	 2	 2	 1	427.80	  0.10
45	18	v	 2	 2	 2	 6	 2	 2	 1	389.94	  0.06
45	18	v	 2	 1	 4	-1	 1	 1	 1	442.84	  0.06
45	18	v	 2	 1	 4	-1	 1	 1	 1	449.76	  0.05
45	18	v	 2	 1	 3	 3	 1	 1	 1	501.72	  0.05
45	18	v	 2	 2	 1	 1	 2	 2	 1	793.88	  0.06
45	18	v	 2	 2	 2	 5	 2	 2	 1	581.92	  0.06
45	18	v	 2	 2	 3	 1	 2	 2	 1	369.42	  0.06
45	18	v	 2	 2	 1	 3	 2	 2	 1	373.55	  0.05
45	18	v	 2	 1	 1	 3	 1	 1	 1	479.93	  0.08
45	18	v	 2	 2	 2	 1	 2	 2	 1	453.53	  0.05
45	18	v	 2	 2	 3	 2	 2	 2	 1	550.25	  0.06
45	18	v	 2	 1	 3	 2	 1	 1	 1	706.79	  0.05
45	18	v	 2	 2	 1	 1	 2	 2	 1	594.16	  0.05
45	18	v	 2	 1	 2	 3	 1	 1	 1	361.00	  0.05
45	18	v	 2	 2	 3	 3	 2	 2	 1	405.96	  0.05
45	18	v	 2	 1	 4	-1	 1	 1	 1	356.64	  0.06
45	18	v	 2	 1	 2	 3	 1	 1	 1	384.99	  0.09
45	18	v	 2	 1	 2	 2	 1	 1	 1	495.19	  0.05
45	18	v	 2	 1	 1	 4	 1	 1	 1	538.14	  0.05
45	18	v	 2	 2	 4	-1	 2	 2	 1	629.35	  0.05
45	18	v	 2	 1	 3	 2	 1	 1	 1	498.51	  0.05
45	18	v	 2	 1	 4	-1	 1	 1	 1	647.47	  0.05
45	18	v	 2	 2	 4	-1	 2	 2	 1	556.80	  0.07
45	18	v	 3	 2	 3	 2	 2	 2	 1	792.51	  0.05
45	18	v	 3	 2	 1	 2	 2	 2	 1	493.67	  0.06
45	18	v	 3	 1	 4	-1	 1	 1	 1	454.46	  0.06
45	18	v	 3	 1	 3	 4	 1	 1	 1	235.85	  0.06
45	18	v	 3	 2	 4	-1	 2	 2	 1	520.29	  0.05
45	18	v	 3	 1	 3	 3	 1	 1	 1	378.57	  0.05
45	18	v	 3	 1	 1	 1	 1	 1	 1	426.76	  0.05
45	18	v	 3	 2	 4	-1	 2	 2	 1	380.47	  0.05
45	18	v	 3	 2	 2	 4	 2	 2	 1	384.54	  0.06
45	18	v	 3	 2	 2	 1	 2	 2	 1	424.42	  0.05
45	18	v	 3	 2	 3	 4	 2	 2	 1	432.30	  0.05
45	18	v	 3	 1	 1	 4	 1	 1	 1	586.95	  0.05
45	18	v	 3	 1	 1	 3	 1	 1	 1	316.63	  0.05
45	18	v	 3	 1	 2	 5	 1	 1	 1	391.08	  0.05
45	18	v	 3	 2	 3	 3	 2	 2	 1	386.39	  0.05
45	18	v	 3	 2	 1	 1	 2	 2	 1	451.76	  0.05
45	18	v	 3	 2	 4	-1	 2	 2	 1	392.87	  0.05
45	18	v	 3	 1	 1	 2	 1	 1	 1	384.87	  0.11
45	18	v	 3	 2	 2	 4	 2	 2	 1	408.29	  0.05
45	18	v	 3	 1	 4	-1	 1	 1	 1	321.82	  0.05
45	18	v	 3	 1	 1	 1	 1	 1	 1	375.71	  0.05
45	18	v	 3	 2	 2	 3	 2	 1	 0	322.07	  0.05
45	18	v	 3	 2	 1	 4	 2	 2	 1	360.17	  0.05
45	18	v	 3	 1	 3	 3	 1	 1	 1	331.18	  0.06
45	18	v	 3	 2	 4	-1	 2	 2	 1	307.32	  0.05
45	18	v	 3	 2	 3	 2	 2	 2	 1	353.11	  0.06
45	18	v	 3	 1	 4	-1	 1	 1	 1	422.94	  0.05
45	18	v	 3	 1	 3	 4	 1	 1	 1	462.93	  0.08
45	18	v	 3	 2	 3	 4	 2	 2	 1	321.82	  0.06
45	18	v	 3	 1	 3	 1	 1	 1	 1	355.34	  0.05
45	18	v	 3	 2	 2	 3	 2	 2	 1	436.81	  0.05
45	18	v	 3	 1	 4	-1	 1	 1	 1	349.71	  0.05
45	18	v	 3	 2	 2	 6	 2	 2	 1	370.52	  0.05
45	18	v	 3	 2	 3	 1	 2	 2	 1	403.03	  0.05
45	18	v	 3	 1	 2	 1	 1	 1	 1	534.00	  0.05
45	18	v	 3	 2	 1	 2	 2	 2	 1	452.73	  0.05
45	18	v	 3	 1	 2	 4	 1	 1	 1	463.47	  0.05
45	18	v	 3	 1	 2	 5	 1	 1	 1	421.03	  0.05
45	18	v	 3	 1	 4	-1	 1	 1	 1	710.86	  0.05
45	18	v	 3	 1	 4	-1	 1	 1	 1	631.84	  0.05
45	18	v	 3	 2	 4	-1	 2	 2	 1	512.17	  0.05
45	18	v	 3	 2	 1	 4	 2	 2	 1	366.49	  0.05
45	18	v	 3	 1	 2	 2	 1	 1	 1	431.91	  0.05
45	18	v	 3	 1	 2	 1	 1	 1	 1	402.33	  0.05
45	18	v	 3	 1	 3	 2	 1	 1	 1	553.22	  0.05
45	18	v	 3	 2	 4	-1	 2	 2	 1	476.13	  0.05
45	18	v	 3	 2	 1	 3	 2	 2	 1	433.40	  0.05
45	18	v	 3	 1	 1	 3	 1	 1	 1	366.60	  0.05
