19	20	v	 0	 1	 1	 4	-1	 1	 1	 1	 1	590.45	  0.06
19	20	v	 0	 1	 2	 2	 5	 0	 1	 1	 1	451.50	  0.05
19	20	v	 0	 2	 1	 4	-1	 0	 2	 2	 1	389.38	  0.05
19	20	v	 0	 2	 2	 4	-1	 1	 2	 2	 1	401.39	  0.05
19	20	v	 0	 1	 2	 4	-1	 0	 1	 1	 1	450.03	  0.05
19	20	v	 0	 2	 1	 1	 2	 0	 2	 2	 1	432.39	  0.05
19	20	v	 0	 2	 1	 1	 2	 0	 2	 2	 1	407.22	  0.05
19	20	v	 0	 1	 2	 2	 6	 0	 1	 1	 1	439.68	  0.06
19	20	v	 0	 1	 2	 2	 4	 0	 1	 1	 1	455.01	  0.06
19	20	v	 0	 1	 1	 4	-1	 1	 1	 1	 1	470.21	  0.05
19	20	v	 0	 1	 2	 4	-1	 0	 1	 1	 1	464.60	  0.05
19	20	v	 0	 2	 1	 3	 3	 0	 2	 2	 1	401.99	  0.07
19	20	v	 0	 2	 1	 2	 5	 0	 2	 2	 1	471.30	  0.06
19	20	v	 0	 2	 1	 2	 5	 0	 2	 2	 1	379.63	  0.05
19	20	v	 0	 2	 2	 2	 1	 1	 2	 2	 1	437.13	  0.06
19	20	v	 0	 1	 2	 2	 5	 0	 1	 1	 1	391.09	  0.05
19	20	v	 0	 1	 2	 2	 3	 0	 1	 1	 1	493.49	  0.07
19	20	v	 0	 2	 2	 2	 6	 1	 2	 2	 1	397.48	  0.05
19	20	v	 0	 1	 1	 1	 4	 1	 1	 1	 1	471.10	  0.05
19	20	v	 0	 1	 2	 1	 2	 0	 1	 1	 1	404.45	  0.05
19	20	v	 0	 2	 1	 1	 3	 0	 2	 2	 1	387.32	  0.05
19	20	v	 0	 2	 1	 3	 2	 0	 2	 2	 1	395.41	  0.05
19	20	v	 0	 1	 2	 1	 1	 0	 1	 1	 1	407.48	  0.05
19	20	v	 0	 2	 1	 4	-1	 0	 2	 2	 1	390.85	  0.05
19	20	v	 0	 1	 2	 1	 4	 0	 1	 1	 1	415.67	  0.06
19	20	v	 0	 2	 1	 3	 4	 0	 2	 2	 1	357.62	  0.05
19	20	v	 0	 1	 2	 3	 3	 0	 1	 1	 1	407.22	  0.05
19	20	v	 0	 2	 1	 3	 3	 0	 2	 2	 1	632.13	  0.05
19	20	v	 0	 2	 2	 1	 3	 1	 2	 2	 1	435.51	  0.05
19	20	v	 0	 1	 1	 2	 5	 1	 1	 1	 1	442.78	  0.05
19	20	v	 0	 2	 2	 3	 3	 1	 2	 2	 1	405.02	  0.05
19	20	v	 0	 1	 2	 1	 2	 0	 1	 1	 1	818.35	  0.06
19	20	v	 0	 2	 2	 4	-1	 1	 2	 2	 1	380.84	  0.05
19	20	v	 0	 2	 1	 4	-1	 0	 2	 2	 1	380.98	  0.06
19	20	v	 0	 2	 1	 4	-1	 0	 2	 2	 1	373.02	  0.06
19	20	v	 0	 2	 1	 4	-1	 0	 2	 2	 1	401.76	  0.06
19	20	v	 0	 1	 1	 1	 3	 1	 1	 1	 1	438.64	  0.05
19	20	v	 0	 1	 1	 2	 4	 1	 1	 1	 1	580.68	  0.05
19	20	v	 0	 2	 2	 2	 4	 1	 2	 2	 1	335.59	  0.05
19	20	v	 0	 1	 1	 1	 2	 1	 1	 1	 1	422.37	  0.06
19	20	v	 0	 2	 2	 4	-1	 1	 2	 2	 1	380.76	  0.05
19	20	v	 0	 1	 2	 4	-1	 0	 1	 1	 1	553.32	  0.06
19	20	v	 0	 2	 2	 4	-1	 1	 2	 2	 1	488.63	  0.05
19	20	v	 0	 1	 1	 3	 1	 1	 1	 1	 1	421.29	  0.05
19	20	v	 0	 2	 2	 1	 2	 1	 2	 2	 1	404.28	  0.06
19	20	v	 0	 2	 1	 1	 3	 0	 2	 2	 1	485.82	  0.06
19	20	v	 0	 2	 1	 2	 3	 0	 2	 2	 1	463.49	  0.05
19	20	v	 0	 1	 2	 3	 2	 0	 1	 1	 1	445.86	  0.05
19	20	v	 0	 2	 2	 4	-1	 1	 2	 2	 1	346.60	  0.05
19	20	v	 0	 1	 1	 3	 3	 1	 1	 1	 1	433.42	  0.05
19	20	v	 0	 1	 1	 3	 4	 1	 1	 2	 0	346.45	  0.06
19	20	v	 0	 2	 2	 1	 4	 1	 2	 2	 1	572.49	  0.05
19	20	v	 0	 1	 1	 1	 2	 1	 1	 1	 1	511.94	  0.05
19	20	v	 0	 2	 1	 2	 6	 0	 2	 2	 1	477.28	  0.06
19	20	v	 0	 1	 1	 3	 4	 1	 1	 1	 1	385.48	  0.06
19	20	v	 0	 2	 2	 2	 2	 1	 2	 2	 1	450.97	  0.07
19	20	v	 0	 2	 2	 2	 3	 1	 2	 2	 1	412.87	  0.06
19	20	v	 0	 1	 1	 2	 3	 1	 1	 1	 1	490.17	  0.06
19	20	v	 0	 2	 1	 3	 1	 0	 2	 2	 1	562.58	  0.05
19	20	v	 0	 1	 2	 3	 4	 0	 1	 1	 1	444.53	  0.05
19	20	v	 0	 1	 2	 3	 2	 0	 1	 1	 1	517.42	  0.06
19	20	v	 0	 1	 2	 2	 4	 0	 1	 1	 1	424.91	  0.05
19	20	v	 0	 2	 2	 3	 2	 1	 2	 2	 1	432.48	  0.05
19	20	v	 0	 1	 1	 3	 3	 1	 1	 1	 1	444.08	  0.05
19	20	v	 0	 1	 1	 2	 5	 1	 1	 1	 1	398.08	  0.05
19	20	v	 0	 2	 2	 4	-1	 1	 2	 2	 1	455.39	  0.05
19	20	v	 0	 2	 1	 1	 1	 0	 2	 2	 1	429.48	  0.06
19	20	v	 0	 1	 1	 4	-1	 1	 1	 1	 1	416.68	  0.07
19	20	v	 0	 1	 1	 4	-1	 1	 1	 1	 1	436.73	  0.06
19	20	v	 0	 2	 2	 3	 3	 1	 2	 2	 1	365.99	  0.05
19	20	v	 0	 2	 1	 2	 2	 0	 2	 2	 1	571.79	  0.06
19	20	v	 0	 1	 1	 4	-1	 1	 1	 1	 1	408.29	  0.05
19	20	v	 0	 1	 2	 4	-1	 0	 1	 1	 1	453.15	  0.05
19	20	v	 0	 2	 2	 3	 4	 1	 2	 2	 1	415.05	  0.05
19	20	v	 0	 1	 1	 4	-1	 1	 1	 1	 1	377.82	  0.05
19	20	v	 0	 2	 1	 1	 1	 0	 2	 2	 1	398.82	  0.05
19	20	v	 0	 1	 2	 4	-1	 0	 1	 1	 1	427.09	  0.06
19	20	v	 0	 1	 2	 4	-1	 0	 1	 1	 1	365.00	  0.06
19	20	v	 0	 1	 2	 3	 4	 0	 1	 1	 1	455.54	  0.07
19	20	v	 0	 1	 1	 1	 3	 1	 1	 1	 1	364.06	  0.05
19	20	v	 0	 2	 1	 2	 1	 0	 2	 2	 1	381.10	  0.05
19	20	v	 0	 2	 2	 2	 5	 1	 2	 2	 1	352.46	  0.05
19	20	v	 0	 1	 1	 2	 6	 1	 1	 1	 1	418.64	  0.05
19	20	v	 0	 2	 2	 1	 2	 1	 2	 2	 1	348.29	  0.06
19	20	v	 0	 1	 2	 3	 3	 0	 1	 1	 1	406.38	  0.05
19	20	v	 0	 1	 2	 1	 1	 0	 1	 1	 1	401.80	  0.05
19	20	v	 0	 1	 1	 1	 1	 1	 1	 1	 1	381.07	  0.05
19	20	v	 0	 2	 2	 1	 1	 1	 2	 2	 1	406.21	  0.05
19	20	v	 0	 1	 1	 3	 2	 1	 1	 1	 1	569.30	  0.05
19	20	v	 0	 2	 2	 3	 1	 1	 2	 2	 1	439.07	  0.05
19	20	v	 0	 2	 1	 3	 2	 0	 2	 2	 1	454.57	  0.06
19	20	v	 0	 1	 2	 1	 4	 0	 1	 1	 1	424.69	  0.05
19	20	v	 0	 2	 2	 3	 2	 1	 2	 2	 1	383.35	  0.05
19	20	v	 0	 2	 1	 4	-1	 0	 2	 2	 1	358.69	  0.05
19	20	v	 0	 1	 1	 2	 1	 1	 1	 1	 1	424.60	  0.05
19	20	v	 0	 2	 2	 1	 3	 1	 2	 2	 1	456.73	  0.05
19	20	v	 1	 1	 1	 1	 4	 1	 1	 1	 1	573.05	  0.06
19	20	v	 1	 2	 2	 2	 2	 1	 2	 2	 1	356.99	  0.05
19	20	v	 1	 1	 1	 3	 2	 1	 1	 1	 1	390.23	  0.05
19	20	v	 1	 2	 1	 3	 3	 0	 2	 2	 1	496.45	  0.05
19	20	v	 1	 1	 2	 4	-1	 0	 1	 1	 1	351.78	  0.06
19	20	v	 1	 2	 2	 3	 1	 1	 2	 2	 1	405.17	  0.05
19	20	v	 1	 2	 1	 2	 2	 0	 2	 2	 1	498.96	  0.05
19	20	v	 1	 2	 1	 4	-1	 0	 2	 2	 1	529.90	  0.05
19	20	v	 1	 1	 2	 1	 3	 0	 1	 1	 1	535.83	  0.05
19	20	v	 1	 2	 1	 2	 4	 0	 2	 2	 1	299.10	  0.05
19	20	v	 1	 1	 2	 1	 4	 0	 1	 1	 1	477.42	  0.06
19	20	v	 1	 1	 1	 1	 1	 1	 1	 1	 1	451.31	  0.05
19	20	v	 1	 2	 1	 4	-1	 0	 2	 2	 1	368.17	  0.05
19	20	v	 1	 1	 2	 3	 1	 0	 1	 1	 1	364.33	  0.06
19	20	v	 1	 2	 1	 4	-1	 0	 2	 2	 1	438.51	  0.06
19	20	v	 1	 2	 1	 2	 6	 0	 2	 2	 1	441.45	  0.06
19	20	v	 1	 1	 2	 4	-1	 0	 1	 1	 1	367.38	  0.06
19	20	v	 1	 1	 1	 2	 3	 1	 1	 1	 1	514.61	  0.06
19	20	v	 1	 1	 1	 1	 2	 1	 1	 1	 1	610.87	  0.05
19	20	v	 1	 2	 2	 4	-1	 1	 2	 2	 1	332.62	  0.06
19	20	v	 1	 2	 1	 1	 3	 0	 2	 2	 1	472.84	  0.05
19	20	v	 1	 1	 2	 2	 1	 0	 1	 1	 1	447.18	  0.05
19	20	v	 1	 2	 1	 3	 1	 0	 2	 2	 1	396.75	  0.06
19	20	v	 1	 1	 2	 3	 4	 0	 1	 1	 1	523.63	  0.05
19	20	v	 1	 2	 2	 2	 4	 1	 2	 2	 1	344.77	  0.05
19	20	v	 1	 1	 1	 1	 1	 1	 1	 1	 1	575.34	  0.07
19	20	v	 1	 1	 1	 4	-1	 1	 1	 1	 1	416.51	  0.05
19	20	v	 1	 2	 2	 1	 3	 1	 2	 2	 1	375.03	  0.05
19	20	v	 1	 1	 2	 3	 3	 0	 1	 1	 1	686.47	  0.05
19	20	v	 1	 1	 2	 4	-1	 0	 1	 1	 1	456.06	  0.05
19	20	v	 1	 2	 2	 3	 2	 1	 2	 2	 1	544.88	  0.07
19	20	v	 1	 2	 2	 2	 6	 1	 2	 2	 1	419.45	  0.05
19	20	v	 1	 2	 2	 3	 3	 1	 2	 2	 1	521.22	  0.05
19	20	v	 1	 2	 2	 1	 4	 1	 2	 2	 1	359.50	  0.06
19	20	v	 1	 1	 2	 4	-1	 0	 1	 1	 1	441.56	  0.05
19	20	v	 1	 2	 1	 2	 4	 0	 2	 2	 1	420.11	  0.05
19	20	v	 1	 2	 1	 1	 1	 0	 2	 1	 0	521.86	  0.05
19	20	v	 1	 1	 1	 3	 1	 1	 1	 1	 1	539.91	  0.05
19	20	v	 1	 1	 1	 2	 2	 1	 1	 1	 1	463.94	  0.07
19	20	v	 1	 1	 2	 3	 1	 0	 1	 1	 1	339.40	  0.06
19	20	v	 1	 2	 1	 1	 2	 0	 2	 2	 1	426.35	  0.05
19	20	v	 1	 2	 1	 3	 1	 0	 2	 2	 1	441.95	  0.05
19	20	v	 1	 1	 1	 2	 4	 1	 1	 1	 1	596.68	  0.06
19	20	v	 1	 2	 1	 4	-1	 0	 2	 2	 1	343.38	  0.05
19	20	v	 1	 2	 2	 3	 4	 1	 2	 2	 1	450.62	  0.05
19	20	v	 1	 1	 2	 3	 2	 0	 1	 1	 1	502.65	  0.06
19	20	v	 1	 2	 2	 1	 1	 1	 2	 2	 1	349.08	  0.06
19	20	v	 1	 1	 1	 4	-1	 1	 1	 1	 1	382.40	  0.06
19	20	v	 1	 2	 2	 2	 1	 1	 2	 2	 1	329.43	  0.05
19	20	v	 1	 2	 1	 1	 4	 0	 2	 2	 1	412.48	  0.08
19	20	v	 1	 1	 1	 4	-1	 1	 1	 1	 1	367.24	  0.07
19	20	v	 1	 1	 1	 3	 1	 1	 1	 2	 0	404.06	  0.05
19	20	v	 1	 1	 1	 2	 1	 1	 1	 1	 1	461.05	  0.06
19	20	v	 1	 2	 2	 4	-1	 1	 2	 2	 1	480.21	  0.06
19	20	v	 1	 1	 1	 4	-1	 1	 1	 1	 1	532.05	  0.06
19	20	v	 1	 1	 2	 1	 3	 0	 1	 1	 1	419.39	  0.05
19	20	v	 1	 2	 1	 3	 2	 0	 2	 2	 1	422.46	  0.05
19	20	v	 1	 2	 2	 3	 1	 1	 2	 2	 1	442.34	  0.05
19	20	v	 1	 2	 2	 4	-1	 1	 2	 2	 1	523.27	  0.05
19	20	v	 1	 1	 1	 3	 4	 1	 1	 1	 1	406.24	  0.05
19	20	v	 1	 2	 2	 1	 1	 1	 2	 2	 1	336.23	  0.05
19	20	v	 1	 2	 1	 4	-1	 0	 2	 2	 1	418.96	  0.05
19	20	v	 1	 1	 1	 2	 2	 1	 1	 1	 1	582.10	  0.06
19	20	v	 1	 1	 1	 1	 4	 1	 1	 1	 1	472.37	  0.05
19	20	v	 1	 1	 1	 2	 6	 1	 1	 1	 1	401.21	  0.08
19	20	v	 1	 2	 1	 1	 4	 0	 2	 2	 1	536.00	  0.05
19	20	v	 1	 1	 2	 2	 1	 0	 1	 1	 1	492.41	  0.06
19	20	v	 1	 2	 1	 3	 4	 0	 2	 2	 1	380.42	  0.05
19	20	v	 1	 2	 1	 2	 1	 0	 2	 2	 1	556.39	  0.06
19	20	v	 1	 1	 2	 4	-1	 0	 1	 1	 1	389.63	  0.05
19	20	v	 1	 2	 2	 1	 2	 1	 2	 2	 1	364.88	  0.05
19	20	v	 1	 1	 2	 3	 1	 0	 1	 1	 1	393.95	  0.05
19	20	v	 1	 2	 2	 4	-1	 1	 2	 2	 1	660.53	  0.05
19	20	v	 1	 1	 1	 4	-1	 1	 1	 1	 1	360.58	  0.06
19	20	v	 1	 1	 1	 3	 3	 1	 1	 1	 1	422.65	  0.05
19	20	v	 1	 2	 1	 3	 4	 0	 2	 2	 1	733.22	  0.07
19	20	v	 1	 2	 1	 1	 4	 0	 2	 2	 1	432.47	  0.06
19	20	v	 1	 1	 2	 2	 3	 0	 1	 1	 1	431.73	  0.05
19	20	v	 1	 1	 2	 2	 6	 0	 1	 1	 1	410.68	  0.06
19	20	v	 1	 1	 2	 1	 3	 0	 1	 1	 1	369.44	  0.06
19	20	v	 1	 2	 2	 3	 4	 1	 2	 2	 1	439.23	  0.05
19	20	v	 1	 2	 1	 2	 3	 0	 2	 2	 1	474.97	  0.05
19	20	v	 1	 1	 1	 1	 3	 1	 1	 1	 1	416.30	  0.06
19	20	v	 1	 1	 2	 1	 2	 0	 1	 1	 1	489.62	  0.06
19	20	v	 1	 2	 2	 4	-1	 1	 2	 2	 1	508.68	  0.06
19	20	v	 1	 1	 1	 3	 2	 1	 1	 1	 1	518.56	  0.05
19	20	v	 1	 2	 2	 2	 5	 1	 2	 2	 1	405.64	  0.05
19	20	v	 1	 1	 2	 4	-1	 0	 1	 1	 1	356.07	  0.05
19	20	v	 1	 1	 1	 4	-1	 1	 1	 1	 1	442.55	  0.06
19	20	v	 1	 2	 1	 4	-1	 0	 2	 2	 1	397.04	  0.05
19	20	v	 1	 2	 2	 1	 4	 1	 2	 2	 1	408.79	  0.05
19	20	v	 1	 2	 2	 4	-1	 1	 2	 2	 1	441.18	  0.05
19	20	v	 1	 1	 2	 2	 2	 0	 1	 1	 1	538.54	  0.05
19	20	v	 1	 1	 2	 2	 2	 0	 1	 1	 1	494.90	  0.05
19	20	v	 1	 1	 2	 1	 1	 0	 1	 1	 1	419.40	  0.05
19	20	v	 1	 2	 2	 2	 3	 1	 2	 2	 1	373.53	  0.05
19	20	v	 2	 2	 2	 2	 5	 1	 2	 2	 1	499.92	  0.07
19	20	v	 2	 2	 2	 4	-1	 1	 2	 2	 1	498.51	  0.06
19	20	v	 2	 1	 2	 3	 2	 0	 1	 1	 1	332.44	  0.05
19	20	v	 2	 2	 2	 3	 1	 1	 2	 2	 1	472.76	  0.05
19	20	v	 2	 2	 2	 1	 3	 1	 2	 2	 1	389.36	  0.05
19	20	v	 2	 1	 1	 3	 2	 1	 1	 1	 1	393.36	  0.05
19	20	v	 2	 1	 2	 2	 2	 0	 1	 1	 1	401.43	  0.05
19	20	v	 2	 2	 2	 4	-1	 1	 2	 2	 1	318.94	  0.05
19	20	v	 2	 2	 1	 4	-1	 0	 2	 2	 1	438.93	  0.06
19	20	v	 2	 2	 2	 3	 2	 1	 2	 2	 1	261.82	  0.06
19	20	v	 2	 2	 2	 3	 3	 1	 2	 2	 1	362.30	  0.06
19	20	v	 2	 1	 1	 4	-1	 1	 1	 1	 1	555.55	  0.13
19	20	v	 2	 1	 2	 2	 5	 0	 1	 1	 1	535.42	  0.05
19	20	v	 2	 1	 2	 3	 3	 0	 1	 1	 1	410.86	  0.05
19	20	v	 2	 2	 1	 2	 4	 0	 2	 2	 1	356.47	  0.05
19	20	v	 2	 2	 1	 3	 3	 0	 2	 2	 1	361.41	  0.06
19	20	v	 2	 2	 1	 1	 1	 0	 2	 2	 1	419.20	  0.05
19	20	v	 2	 1	 1	 2	 4	 1	 1	 1	 1	385.57	  0.05
19	20	v	 2	 2	 2	 1	 1	 1	 2	 2	 1	607.30	  0.06
19	20	v	 2	 2	 1	 4	-1	 0	 2	 2	 1	435.27	  0.06
19	20	v	 2	 1	 1	 1	 2	 1	 1	 1	 1	335.98	  0.05
19	20	v	 2	 1	 1	 1	 2	 1	 1	 1	 1	529.19	  0.06
19	20	v	 2	 2	 1	 1	 1	 0	 2	 2	 1	346.64	  0.06
19	20	v	 2	 1	 2	 2	 6	 0	 1	 1	 1	449.88	  0.05
19	20	v	 2	 1	 2	 3	 1	 0	 1	 1	 1	412.00	  0.05
19	20	v	 2	 1	 2	 2	 5	 0	 1	 1	 1	280.55	  0.05
19	20	v	 2	 2	 2	 3	 2	 1	 2	 2	 1	413.58	  0.06
19	20	v	 2	 2	 2	 2	 2	 1	 2	 2	 1	478.68	  0.05
19	20	v	 2	 1	 1	 1	 3	 1	 1	 1	 1	370.73	  0.05
19	20	v	 2	 1	 1	 4	-1	 1	 1	 1	 1	383.17	  0.06
19	20	v	 2	 2	 1	 2	 2	 0	 2	 2	 1	572.11	  0.05
19	20	v	 2	 2	 2	 1	 1	 1	 2	 2	 1	462.06	  0.06
19	20	v	 2	 2	 2	 3	 3	 1	 2	 2	 1	501.80	  0.05
19	20	v	 2	 2	 2	 1	 1	 1	 2	 2	 1	323.62	  0.05
19	20	v	 2	 1	 2	 2	 3	 0	 1	 1	 1	472.09	  0.05
19	20	v	 2	 1	 2	 4	-1	 0	 1	 1	 1	401.35	  0.06
19	20	v	 2	 1	 1	 4	-1	 1	 1	 1	 1	421.02	  0.05
19	20	v	 2	 1	 2	 1	 4	 0	 1	 1	 1	395.77	  0.05
19	20	v	 2	 2	 1	 4	-1	 0	 2	 2	 1	485.86	  0.06
19	20	v	 2	 1	 1	 4	-1	 1	 1	 1	 1	361.06	  0.05
19	20	v	 2	 2	 2	 4	-1	 1	 2	 2	 1	390.30	  0.05
19	20	v	 2	 1	 2	 4	-1	 0	 1	 1	 1	422.83	  0.05
19	20	v	 2	 2	 2	 4	-1	 1	 2	 2	 1	479.68	  0.06
19	20	v	 2	 1	 2	 4	-1	 0	 1	 1	 1	379.80	  0.05
19	20	v	 2	 2	 1	 3	 4	 0	 2	 2	 1	552.09	  0.06
19	20	v	 2	 2	 2	 2	 4	 1	 2	 2	 1	438.62	  0.05
19	20	v	 2	 2	 2	 4	-1	 1	 2	 2	 1	474.48	  0.05
19	20	v	 2	 2	 1	 4	-1	 0	 2	 2	 1	428.38	  0.05
19	20	v	 2	 1	 2	 1	 1	 0	 1	 1	 1	541.98	  0.06
19	20	v	 2	 1	 2	 1	 3	 0	 1	 1	 1	412.29	  0.05
19	20	v	 2	 2	 2	 2	 2	 1	 2	 2	 1	465.20	  0.05
19	20	v	 2	 2	 1	 3	 1	 0	 2	 2	 1	521.29	  0.06
19	20	v	 2	 1	 2	 1	 4	 0	 1	 1	 1	572.57	  0.05
19	20	v	 2	 1	 1	 3	 4	 1	 1	 1	 1	372.38	  0.05
19	20	v	 2	 1	 1	 2	 6	 1	 1	 1	 1	401.08	  0.06
19	20	v	 2	 1	 1	 4	-1	 1	 1	 1	 1	359.99	  0.05
19	20	v	 2	 2	 2	 3	 1	 1	 2	 2	 1	413.65	  0.05
19	20	v	 2	 1	 1	 4	-1	 1	 1	 1	 1	421.38	  0.05
19	20	v	 2	 1	 2	 4	-1	 0	 1	 1	 1	523.17	  0.05
19	20	v	 2	 2	 1	 3	 4	 0	 2	 2	 1	369.24	  0.05
19	20	v	 2	 1	 1	 3	 3	 1	 1	 1	 1	369.51	  0.06
19	20	v	 2	 2	 2	 2	 6	 1	 2	 2	 1	361.42	  0.05
19	20	v	 2	 1	 1	 1	 2	 1	 1	 1	 1	366.05	  0.06
19	20	v	 2	 1	 1	 2	 2	 1	 1	 1	 1	444.39	  0.06
19	20	v	 2	 1	 2	 3	 1	 0	 1	 1	 1	357.73	  0.05
19	20	v	 2	 1	 2	 2	 3	 0	 1	 1	 1	316.95	  0.05
19	20	v	 2	 2	 1	 1	 2	 0	 2	 2	 1	399.85	  0.05
19	20	v	 2	 2	 2	 2	 1	 1	 2	 2	 1	411.81	  0.05
19	20	v	 2	 1	 1	 3	 4	 1	 1	 1	 1	337.72	  0.05
19	20	v	 2	 2	 1	 1	 4	 0	 2	 2	 1	338.76	  0.05
19	20	v	 2	 1	 1	 3	 2	 1	 1	 1	 1	359.64	  0.05
19	20	v	 2	 1	 2	 3	 4	 0	 1	 1	 1	401.10	  0.05
19	20	v	 2	 2	 1	 2	 6	 0	 2	 1	 0	486.15	  0.05
19	20	v	 2	 1	 1	 2	 3	 1	 1	 1	 1	390.77	  0.06
19	20	v	 2	 1	 2	 3	 2	 0	 1	 2	 0	439.69	  0.06
19	20	v	 2	 2	 1	 3	 2	 0	 2	 2	 1	393.80	  0.06
19	20	v	 2	 2	 1	 2	 5	 0	 2	 2	 1	504.15	  0.06
19	20	v	 2	 1	 1	 2	 1	 1	 1	 1	 1	371.21	  0.05
19	20	v	 2	 2	 1	 2	 1	 0	 2	 2	 1	502.46	  0.05
19	20	v	 2	 1	 2	 1	 2	 0	 1	 1	 1	356.96	  0.06
19	20	v	 2	 1	 1	 1	 4	 1	 1	 1	 1	312.35	  0.05
19	20	v	 2	 2	 1	 1	 4	 0	 2	 2	 1	432.86	  0.05
19	20	v	 2	 1	 2	 4	-1	 0	 1	 1	 1	284.38	  0.06
19	20	v	 2	 2	 2	 1	 3	 1	 2	 2	 1	331.16	  0.05
19	20	v	 2	 2	 2	 4	-1	 1	 2	 2	 1	422.18	  0.05
19	20	v	 2	 1	 2	 4	-1	 0	 1	 2	 0	351.90	  0.05
19	20	v	 2	 2	 1	 4	-1	 0	 2	 2	 1	438.71	  0.06
19	20	v	 2	 2	 1	 3	 3	 0	 2	 2	 1	388.37	  0.06
19	20	v	 2	 2	 1	 1	 2	 0	 2	 2	 1	437.38	  0.05
19	20	v	 2	 1	 1	 3	 3	 1	 1	 1	 1	346.30	  0.05
19	20	v	 2	 1	 2	 1	 4	 0	 1	 1	 1	490.40	  0.05
19	20	v	 2	 2	 2	 1	 2	 1	 2	 2	 1	492.73	  0.06
19	20	v	 2	 2	 1	 2	 3	 0	 2	 2	 1	392.37	  0.05
19	20	v	 2	 2	 1	 4	-1	 0	 2	 2	 1	367.72	  0.05
19	20	v	 2	 1	 1	 2	 5	 1	 1	 1	 1	404.20	  0.05
19	20	v	 2	 1	 1	 1	 1	 1	 1	 1	 1	330.69	  0.05
19	20	v	 3	 2	 2	 3	 1	 1	 2	 2	 1	510.41	  0.07
19	20	v	 3	 2	 2	 4	-1	 1	 2	 2	 1	414.18	  0.05
19	20	v	 3	 2	 2	 2	 1	 1	 2	 2	 1	422.00	  0.06
19	20	v	 3	 1	 2	 1	 2	 0	 1	 1	 1	482.76	  0.05
19	20	v	 3	 1	 2	 1	 2	 0	 1	 1	 1	411.59	  0.06
19	20	v	 3	 1	 1	 3	 2	 1	 1	 1	 1	362.45	  0.05
19	20	v	 3	 1	 2	 2	 1	 0	 1	 1	 1	391.04	  0.05
19	20	v	 3	 2	 2	 4	-1	 1	 2	 2	 1	468.92	  0.05
19	20	v	 3	 1	 1	 3	 3	 1	 1	 1	 1	365.02	  0.06
19	20	v	 3	 1	 2	 2	 6	 0	 1	 1	 1	353.26	  0.05
19	20	v	 3	 2	 2	 4	-1	 1	 2	 2	 1	382.44	  0.05
19	20	v	 3	 2	 2	 1	 2	 1	 2	 2	 1	407.10	  0.05
19	20	v	 3	 1	 2	 4	-1	 0	 1	 1	 1	595.20	  0.06
19	20	v	 3	 1	 2	 4	-1	 0	 1	 1	 1	329.59	  0.05
19	20	v	 3	 2	 1	 2	 3	 0	 2	 2	 1	318.30	  0.07
19	20	v	 3	 2	 2	 1	 2	 1	 2	 2	 1	380.78	  0.05
19	20	v	 3	 1	 2	 4	-1	 0	 1	 1	 1	602.10	  0.05
19	20	v	 3	 2	 2	 2	 5	 1	 2	 2	 1	426.38	  0.05
19	20	v	 3	 2	 1	 4	-1	 0	 2	 2	 1	454.30	  0.05
19	20	v	 3	 1	 1	 2	 3	 1	 1	 1	 1	395.65	  0.05
19	20	v	 3	 2	 1	 3	 2	 0	 2	 2	 1	424.40	  0.07
19	20	v	 3	 1	 1	 4	-1	 1	 1	 1	 1	509.66	  0.05
19	20	v	 3	 1	 2	 4	-1	 0	 1	 1	 1	462.90	  0.05
19	20	v	 3	 2	 2	 3	 4	 1	 2	 2	 1	440.81	  0.05
19	20	v	 3	 1	 1	 1	 1	 1	 1	 1	 1	407.19	  0.05
19	20	v	 3	 1	 1	 4	-1	 1	 1	 1	 1	349.44	  0.05
19	20	v	 3	 1	 1	 2	 5	 1	 1	 1	 1	374.60	  0.05
19	20	v	 3	 1	 1	 4	-1	 1	 1	 1	 1	363.04	  0.06
19	20	v	 3	 2	 1	 3	 4	 0	 2	 2	 1	367.27	  0.05
19	20	v	 3	 1	 2	 1	 1	 0	 1	 1	 1	478.06	  0.06
19	20	v	 3	 2	 1	 1	 1	 0	 2	 2	 1	345.47	  0.05
19	20	v	 3	 2	 1	 2	 2	 0	 2	 2	 1	358.46	  0.06
19	20	v	 3	 2	 2	 2	 3	 1	 2	 2	 1	440.78	  0.06
19	20	v	 3	 2	 2	 4	-1	 1	 2	 2	 1	415.44	  0.05
19	20	v	 3	 1	 1	 3	 1	 1	 1	 1	 1	455.94	  0.05
19	20	v	 3	 2	 1	 4	-1	 0	 2	 2	 1	483.36	  0.05
19	20	v	 3	 2	 1	 2	 5	 0	 2	 2	 1	395.60	  0.05
19	20	v	 3	 1	 2	 3	 3	 0	 1	 1	 1	403.65	  0.05
19	20	v	 3	 2	 2	 3	 3	 1	 2	 2	 1	460.61	  0.07
19	20	v	 3	 2	 1	 2	 4	 0	 2	 2	 1	476.09	  0.14
19	20	v	 3	 1	 2	 1	 3	 0	 1	 1	 1	404.69	  0.05
19	20	v	 3	 1	 2	 3	 3	 0	 1	 1	 1	404.32	  0.06
19	20	v	 3	 2	 1	 2	 6	 0	 2	 2	 1	428.49	  0.06
19	20	v	 3	 1	 2	 1	 1	 0	 1	 1	 1	382.77	  0.06
19	20	v	 3	 2	 1	 3	 3	 0	 2	 2	 1	555.36	  0.06
19	20	v	 3	 2	 1	 3	 1	 0	 2	 2	 1	482.41	  0.05
19	20	v	 3	 1	 1	 1	 4	 1	 1	 1	 1	353.96	  0.06
19	20	v	 3	 2	 2	 1	 3	 1	 2	 2	 1	374.91	  0.05
19	20	v	 3	 1	 1	 2	 6	 1	 1	 1	 1	293.17	  0.05
19	20	v	 3	 2	 1	 4	-1	 0	 2	 1	 0	384.89	  0.06
19	20	v	 3	 2	 2	 3	 2	 1	 2	 2	 1	474.88	  0.05
19	20	v	 3	 2	 2	 1	 4	 1	 2	 2	 1	432.46	  0.06
19	20	v	 3	 1	 2	 2	 4	 0	 1	 1	 1	349.93	  0.09
19	20	v	 3	 1	 1	 2	 2	 1	 1	 1	 1	432.29	  0.05
19	20	v	 3	 2	 1	 1	 3	 0	 2	 2	 1	345.60	  0.05
19	20	v	 3	 2	 2	 4	-1	 1	 2	 2	 1	375.04	  0.05
19	20	v	 3	 1	 1	 4	-1	 1	 1	 1	 1	383.75	  0.05
19	20	v	 3	 1	 2	 3	 2	 0	 1	 1	 1	473.40	  0.06
19	20	v	 3	 2	 1	 1	 3	 0	 2	 2	 1	406.47	  0.06
19	20	v	 3	 1	 1	 3	 1	 1	 1	 1	 1	422.34	  0.05
19	20	v	 3	 1	 2	 4	-1	 0	 1	 1	 1	462.65	  0.05
19	20	v	 3	 2	 1	 3	 1	 0	 2	 2	 1	428.80	  0.05
19	20	v	 3	 1	 1	 1	 4	 1	 1	 1	 1	362.46	  0.06
19	20	v	 3	 2	 1	 4	-1	 0	 2	 2	 1	518.66	  0.05
19	20	v	 3	 2	 1	 4	-1	 0	 2	 2	 1	417.94	  0.05
19	20	v	 3	 2	 1	 3	 2	 0	 2	 2	 1	413.19	  0.05
19	20	v	 3	 1	 1	 3	 1	 1	 1	 1	 1	421.09	  0.05
19	20	v	 3	 1	 1	 2	 4	 1	 1	 1	 1	436.67	  0.05
19	20	v	 3	 2	 1	 1	 3	 0	 2	 2	 1	390.69	  0.05
19	20	v	 3	 1	 2	 2	 2	 0	 1	 1	 1	452.08	  0.05
19	20	v	 3	 1	 2	 1	 3	 0	 1	 1	 1	458.95	  0.05
19	20	v	 3	 2	 2	 1	 4	 1	 2	 2	 1	351.33	  0.05
19	20	v	 3	 2	 1	 1	 4	 0	 2	 2	 1	445.98	  0.05
19	20	v	 3	 1	 2	 2	 1	 0	 1	 1	 1	388.10	  0.05
19	20	v	 3	 2	 2	 3	 4	 1	 2	 2	 1	342.59	  0.06
19	20	v	 3	 1	 1	 4	-1	 1	 1	 1	 1	531.73	  0.05
19	20	v	 3	 2	 2	 2	 3	 1	 2	 2	 1	320.19	  0.05
19	20	v	 3	 1	 1	 3	 4	 1	 1	 1	 1	399.29	  0.06
19	20	v	 3	 1	 2	 3	 1	 0	 1	 1	 1	432.18	  0.05
19	20	v	 3	 1	 1	 1	 1	 1	 1	 1	 1	386.27	  0.05
19	20	v	 3	 2	 1	 2	 1	 0	 2	 2	 1	447.63	  0.05
19	20	v	 3	 2	 2	 1	 4	 1	 2	 2	 1	454.89	  0.05
19	20	v	 3	 1	 1	 2	 1	 1	 1	 1	 1	371.83	  0.06
19	20	v	 3	 2	 2	 2	 4	 1	 2	 2	 1	236.05	  0.05
19	20	v	 3	 2	 1	 4	-1	 0	 2	 2	 1	366.24	  0.05
19	20	v	 3	 1	 2	 3	 4	 0	 1	 1	 1	387.08	  0.06
19	20	v	 3	 2	 2	 2	 6	 1	 2	 2	 1	428.03	  0.06
19	20	v	 3	 1	 2	 4	-1	 0	 1	 1	 1	304.47	  0.05
19	20	v	 3	 2	 1	 1	 2	 0	 2	 2	 1	342.73	  0.05
19	20	v	 3	 2	 2	 3	 4	 1	 2	 2	 1	396.64	  0.05
19	20	v	 3	 1	 1	 1	 3	 1	 1	 1	 1	511.59	  0.05
19	20	v	 3	 1	 1	 4	-1	 1	 1	 1	 1	447.79	  0.05
19	20	v	 3	 1	 2	 3	 4	 0	 1	 1	 1	368.85	  0.06
19	20	v	 3	 2	 2	 4	-1	 1	 2	 2	 1	528.86	  0.05
19	20	v	 3	 1	 2	 2	 4	 0	 1	 1	 1	395.45	  0.06
19	20	v	 3	 1	 1	 1	 3	 1	 1	 1	 1	330.17	  0.06
