02	20	v	 0	 2	 1	 4	-1	 0	 2	 2	 1	437.98	  0.05
02	20	v	 0	 2	 2	 4	-1	 1	 2	 2	 1	486.29	  0.05
02	20	v	 0	 2	 2	 3	 3	 1	 2	 2	 1	398.55	  0.05
02	20	v	 0	 1	 2	 4	-1	 0	 1	 1	 1	394.25	  0.05
02	20	v	 0	 1	 1	 4	-1	 1	 1	 1	 1	337.21	  0.05
02	20	v	 0	 1	 1	 3	 2	 1	 1	 1	 1	362.23	  0.14
02	20	v	 0	 2	 1	 3	 2	 0	 2	 2	 1	293.03	  0.05
02	20	v	 0	 2	 1	 4	-1	 0	 2	 1	 0	356.10	  0.05
02	20	v	 0	 1	 1	 1	 1	 1	 1	 1	 1	368.84	  0.05
02	20	v	 0	 1	 2	 3	 1	 0	 1	 1	 1	406.18	  0.05
02	20	v	 0	 2	 2	 4	-1	 1	 2	 2	 1	339.97	  0.07
02	20	v	 0	 2	 1	 2	 3	 0	 2	 2	 1	369.32	  0.05
02	20	v	 0	 1	 2	 4	-1	 0	 1	 1	 1	308.13	  0.05
02	20	v	 0	 2	 2	 2	 1	 1	 2	 2	 1	321.81	  0.05
02	20	v	 0	 1	 2	 2	 4	 0	 1	 1	 1	429.31	  0.06
02	20	v	 0	 2	 2	 2	 2	 1	 2	 2	 1	338.43	  0.05
02	20	v	 0	 1	 1	 3	 4	 1	 1	 1	 1	335.14	  0.05
02	20	v	 0	 1	 1	 2	 6	 1	 1	 1	 1	397.41	  0.05
02	20	v	 0	 1	 1	 2	 3	 1	 1	 1	 1	311.25	  0.05
02	20	v	 0	 2	 1	 1	 1	 0	 2	 1	 0	333.14	  0.06
02	20	v	 0	 1	 1	 4	-1	 1	 1	 1	 1	358.44	  0.06
02	20	v	 0	 2	 2	 2	 3	 1	 2	 2	 1	334.34	  0.05
02	20	v	 0	 2	 1	 2	 1	 0	 2	 1	 0	211.96	  0.05
02	20	v	 0	 1	 1	 3	 3	 1	 1	 1	 1	350.12	  0.05
02	20	v	 0	 2	 2	 2	 4	 1	 2	 2	 1	317.86	  0.05
02	20	v	 0	 1	 1	 2	 4	 1	 1	 1	 1	318.92	  0.05
02	20	v	 0	 2	 2	 1	 2	 1	 2	 2	 1	303.86	  0.05
02	20	v	 0	 1	 2	 1	 3	 0	 1	 1	 1	345.82	  0.05
02	20	v	 0	 1	 1	 4	-1	 1	 1	 2	 0	301.49	  0.05
02	20	v	 0	 2	 2	 3	 2	 1	 2	 2	 1	282.37	  0.05
02	20	v	 0	 2	 2	 3	 1	 1	 2	 2	 1	382.56	  0.05
02	20	v	 0	 2	 1	 2	 3	 0	 2	 2	 1	345.72	  0.05
02	20	v	 0	 2	 1	 1	 3	 0	 2	 2	 1	375.23	  0.05
02	20	v	 0	 1	 1	 1	 2	 1	 1	 1	 1	416.43	  0.05
02	20	v	 0	 1	 1	 2	 5	 1	 1	 1	 1	383.03	  0.05
02	20	v	 0	 2	 1	 4	-1	 0	 2	 2	 1	358.55	  0.06
02	20	v	 0	 1	 2	 1	 4	 0	 1	 2	 0	264.94	  0.05
02	20	v	 0	 1	 2	 2	 5	 0	 1	 1	 1	393.56	  0.05
02	20	v	 0	 1	 2	 3	 3	 0	 1	 1	 1	528.82	  0.05
02	20	v	 0	 1	 2	 4	-1	 0	 1	 1	 1	599.85	  0.05
02	20	v	 0	 2	 1	 4	-1	 0	 2	 2	 1	375.14	  0.05
02	20	v	 0	 1	 2	 3	 4	 0	 1	 1	 1	461.42	  0.05
02	20	v	 0	 2	 1	 1	 1	 0	 2	 2	 1	357.76	  0.05
02	20	v	 0	 1	 1	 1	 4	 1	 1	 1	 1	415.91	  0.05
02	20	v	 0	 1	 1	 3	 1	 1	 1	 1	 1	431.51	  0.05
02	20	v	 0	 2	 1	 2	 6	 0	 2	 2	 1	361.14	  0.05
02	20	v	 0	 1	 2	 2	 1	 0	 1	 1	 1	361.87	  0.05
02	20	v	 0	 2	 2	 4	-1	 1	 2	 2	 1	300.93	  0.08
02	20	v	 0	 1	 2	 4	-1	 0	 1	 1	 1	326.57	  0.05
02	20	v	 0	 2	 1	 3	 3	 0	 2	 1	 0	401.37	  0.05
02	20	v	 0	 1	 2	 4	-1	 0	 1	 1	 1	384.20	  0.05
02	20	v	 0	 2	 2	 1	 2	 1	 2	 2	 1	356.06	  0.05
02	20	v	 0	 1	 1	 2	 4	 1	 1	 1	 1	417.31	  0.05
02	20	v	 0	 1	 1	 4	-1	 1	 1	 1	 1	417.17	  0.05
02	20	v	 0	 2	 1	 2	 5	 0	 2	 2	 1	355.07	  0.05
02	20	v	 0	 1	 2	 1	 3	 0	 1	 1	 1	290.39	  0.06
02	20	v	 0	 2	 1	 2	 6	 0	 2	 2	 1	311.95	  0.05
02	20	v	 0	 1	 1	 1	 2	 1	 1	 1	 1	370.81	  0.05
02	20	v	 0	 2	 2	 1	 3	 1	 2	 2	 1	190.67	  0.05
02	20	v	 0	 2	 2	 2	 2	 1	 2	 2	 1	411.09	  0.05
02	20	v	 0	 2	 1	 1	 4	 0	 2	 2	 1	357.75	  0.05
02	20	v	 0	 1	 2	 3	 3	 0	 1	 1	 1	476.80	  0.05
02	20	v	 0	 1	 1	 3	 4	 1	 1	 2	 0	196.82	  0.05
02	20	v	 0	 1	 2	 1	 1	 0	 1	 1	 1	482.36	  0.05
02	20	v	 0	 1	 2	 3	 1	 0	 1	 1	 1	538.57	  0.05
02	20	v	 0	 2	 1	 3	 2	 0	 2	 2	 1	429.38	  0.05
02	20	v	 0	 2	 2	 3	 3	 1	 2	 2	 1	354.96	  0.05
02	20	v	 0	 2	 1	 3	 1	 0	 2	 2	 1	457.92	  0.05
02	20	v	 0	 2	 2	 2	 4	 1	 2	 2	 1	333.10	  0.05
02	20	v	 0	 1	 2	 4	-1	 0	 1	 1	 1	387.46	  0.05
02	20	v	 0	 2	 2	 4	-1	 1	 2	 2	 1	350.80	  0.05
02	20	v	 0	 2	 2	 1	 1	 1	 2	 2	 1	269.41	  0.05
02	20	v	 0	 1	 1	 3	 2	 1	 1	 1	 1	382.28	  0.05
02	20	v	 0	 1	 2	 2	 1	 0	 1	 1	 1	500.81	  0.05
02	20	v	 0	 2	 1	 1	 3	 0	 2	 2	 1	441.50	  0.05
02	20	v	 0	 1	 2	 3	 4	 0	 1	 1	 1	440.59	  0.10
02	20	v	 0	 1	 1	 4	-1	 1	 1	 1	 1	369.79	  0.05
02	20	v	 0	 2	 1	 1	 2	 0	 2	 2	 1	341.83	  0.05
02	20	v	 0	 1	 1	 1	 3	 1	 1	 1	 1	243.82	  0.05
02	20	v	 0	 1	 2	 1	 4	 0	 1	 2	 0	221.80	  0.05
02	20	v	 0	 2	 2	 3	 1	 1	 2	 2	 1	302.01	  0.05
02	20	v	 0	 2	 1	 4	-1	 0	 2	 2	 1	451.08	  0.05
02	20	v	 0	 1	 2	 1	 2	 0	 1	 1	 1	408.66	  0.05
02	20	v	 0	 1	 1	 4	-1	 1	 1	 1	 1	359.23	  0.06
02	20	v	 0	 2	 2	 1	 1	 1	 2	 2	 1	368.02	  0.05
02	20	v	 0	 1	 1	 2	 1	 1	 1	 1	 1	404.99	  0.05
02	20	v	 0	 1	 2	 2	 3	 0	 1	 1	 1	441.44	  0.05
02	20	v	 0	 2	 2	 4	-1	 1	 2	 2	 1	350.59	  0.05
02	20	v	 0	 2	 2	 3	 1	 1	 2	 2	 1	334.65	  0.05
02	20	v	 0	 2	 2	 4	-1	 1	 2	 2	 1	339.81	  0.05
02	20	v	 0	 2	 1	 4	-1	 0	 2	 1	 0	352.51	  0.05
02	20	v	 0	 1	 1	 1	 4	 1	 1	 1	 1	393.97	  0.05
02	20	v	 0	 2	 1	 3	 1	 0	 2	 2	 1	393.54	  0.05
02	20	v	 0	 2	 2	 1	 3	 1	 2	 2	 1	307.70	  0.05
02	20	v	 0	 1	 2	 2	 4	 0	 1	 1	 1	399.01	  0.05
02	20	v	 0	 2	 1	 3	 4	 0	 2	 2	 1	427.69	  0.06
02	20	v	 1	 1	 1	 4	-1	 1	 1	 1	 1	444.92	  0.05
02	20	v	 1	 1	 1	 3	 3	 1	 1	 1	 1	435.86	  0.05
02	20	v	 1	 2	 1	 2	 2	 0	 2	 2	 1	418.53	  0.05
02	20	v	 1	 2	 2	 3	 4	 1	 2	 2	 1	331.85	  0.05
02	20	v	 1	 2	 1	 4	-1	 0	 2	 2	 1	337.01	  0.05
02	20	v	 1	 2	 2	 4	-1	 1	 2	 2	 1	411.45	  0.05
02	20	v	 1	 1	 2	 3	 2	 0	 1	 1	 1	378.68	  0.05
02	20	v	 1	 2	 2	 1	 3	 1	 2	 2	 1	366.27	  0.06
02	20	v	 1	 2	 1	 3	 3	 0	 2	 2	 1	391.29	  0.05
02	20	v	 1	 2	 1	 1	 2	 0	 2	 2	 1	325.60	  0.05
02	20	v	 1	 1	 1	 3	 1	 1	 1	 1	 1	474.18	  0.06
02	20	v	 1	 2	 1	 2	 1	 0	 2	 2	 1	357.97	  0.05
02	20	v	 1	 1	 2	 1	 3	 0	 1	 1	 1	378.94	  0.05
02	20	v	 1	 2	 2	 3	 2	 1	 2	 2	 1	292.79	  0.05
02	20	v	 1	 2	 1	 3	 4	 0	 2	 2	 1	429.81	  0.05
02	20	v	 1	 1	 2	 1	 1	 0	 1	 1	 1	367.79	  0.05
02	20	v	 1	 2	 2	 2	 5	 1	 2	 2	 1	396.41	  0.06
02	20	v	 1	 1	 1	 4	-1	 1	 1	 1	 1	375.97	  0.05
02	20	v	 1	 1	 2	 3	 4	 0	 1	 2	 0	310.98	  0.05
02	20	v	 1	 2	 2	 4	-1	 1	 2	 2	 1	471.68	  0.05
02	20	v	 1	 1	 1	 2	 1	 1	 1	 1	 1	310.38	  0.05
02	20	v	 1	 2	 1	 1	 2	 0	 2	 2	 1	414.19	  0.05
02	20	v	 1	 1	 2	 4	-1	 0	 1	 1	 1	405.61	  0.05
02	20	v	 1	 1	 2	 1	 1	 0	 1	 1	 1	413.86	  0.05
02	20	v	 1	 1	 2	 1	 2	 0	 1	 1	 1	466.35	  0.05
02	20	v	 1	 2	 2	 2	 5	 1	 2	 2	 1	375.06	  0.06
02	20	v	 1	 2	 1	 3	 4	 0	 2	 2	 1	424.39	  0.05
02	20	v	 1	 2	 1	 3	 2	 0	 2	 2	 1	468.79	  0.06
02	20	v	 1	 1	 1	 4	-1	 1	 1	 1	 1	348.48	  0.05
02	20	v	 1	 2	 2	 2	 6	 1	 2	 1	 0	357.25	  0.05
02	20	v	 1	 1	 1	 3	 2	 1	 1	 1	 1	443.93	  0.05
02	20	v	 1	 1	 2	 4	-1	 0	 1	 2	 0	283.14	  0.05
02	20	v	 1	 2	 2	 4	-1	 1	 2	 2	 1	284.84	  0.05
02	20	v	 1	 1	 1	 2	 2	 1	 1	 1	 1	364.53	  0.05
02	20	v	 1	 2	 1	 4	-1	 0	 2	 2	 1	573.88	  0.05
02	20	v	 1	 2	 2	 3	 3	 1	 2	 2	 1	300.75	  0.05
02	20	v	 1	 1	 2	 3	 2	 0	 1	 1	 1	326.15	  0.05
02	20	v	 1	 1	 1	 1	 1	 1	 1	 1	 1	482.94	  0.06
02	20	v	 1	 1	 1	 2	 5	 1	 1	 1	 1	354.30	  0.05
02	20	v	 1	 2	 1	 1	 4	 0	 2	 2	 1	370.98	  0.05
02	20	v	 1	 1	 2	 2	 2	 0	 1	 1	 1	363.69	  0.05
02	20	v	 1	 1	 1	 2	 3	 1	 1	 1	 1	474.35	  0.05
02	20	v	 1	 2	 1	 2	 2	 0	 2	 2	 1	382.81	  0.05
02	20	v	 1	 1	 1	 3	 3	 1	 1	 1	 1	346.11	  0.06
02	20	v	 1	 2	 2	 1	 4	 1	 2	 2	 1	260.80	  0.05
02	20	v	 1	 1	 2	 4	-1	 0	 1	 2	 0	373.56	  0.05
02	20	v	 1	 1	 1	 1	 2	 1	 1	 1	 1	303.95	  0.05
02	20	v	 1	 2	 2	 1	 2	 1	 2	 2	 1	346.41	  0.05
02	20	v	 1	 2	 2	 1	 4	 1	 2	 2	 1	256.99	  0.05
02	20	v	 1	 1	 1	 4	-1	 1	 1	 1	 1	226.50	  0.05
02	20	v	 1	 1	 2	 3	 3	 0	 1	 2	 0	323.34	  0.05
02	20	v	 1	 1	 1	 4	-1	 1	 1	 2	 0	230.22	  0.06
02	20	v	 1	 1	 1	 2	 6	 1	 1	 1	 1	417.18	  0.05
02	20	v	 1	 2	 1	 3	 1	 0	 2	 2	 1	465.82	  0.05
02	20	v	 1	 1	 2	 1	 4	 0	 1	 1	 1	390.90	  0.05
02	20	v	 1	 1	 1	 1	 3	 1	 1	 1	 1	435.88	  0.05
02	20	v	 1	 1	 2	 2	 6	 0	 1	 1	 1	340.33	  0.05
02	20	v	 1	 1	 2	 4	-1	 0	 1	 1	 1	505.55	  0.05
02	20	v	 1	 2	 1	 1	 1	 0	 2	 2	 1	388.36	  0.05
02	20	v	 1	 2	 1	 4	-1	 0	 2	 2	 1	351.82	  0.06
02	20	v	 1	 2	 2	 1	 4	 1	 2	 2	 1	274.07	  0.05
02	20	v	 1	 1	 2	 3	 1	 0	 1	 1	 1	386.64	  0.06
02	20	v	 1	 2	 2	 3	 2	 1	 2	 2	 1	316.97	  0.05
02	20	v	 1	 1	 1	 1	 4	 1	 1	 1	 1	305.75	  0.05
02	20	v	 1	 1	 2	 2	 2	 0	 1	 1	 1	372.46	  0.05
02	20	v	 1	 2	 1	 1	 4	 0	 2	 2	 1	335.84	  0.05
02	20	v	 1	 1	 1	 3	 4	 1	 1	 1	 1	299.77	  0.05
02	20	v	 1	 2	 2	 2	 6	 1	 2	 2	 1	371.01	  0.06
02	20	v	 1	 1	 2	 1	 2	 0	 1	 2	 0	383.44	  0.05
02	20	v	 1	 2	 1	 2	 4	 0	 2	 2	 1	342.85	  0.05
02	20	v	 1	 1	 1	 1	 3	 1	 1	 1	 1	322.72	  0.05
02	20	v	 1	 1	 2	 2	 5	 0	 1	 1	 1	348.38	  0.05
02	20	v	 1	 1	 2	 2	 6	 0	 1	 1	 1	295.88	  0.06
02	20	v	 1	 1	 1	 4	-1	 1	 1	 1	 1	313.77	  0.05
02	20	v	 1	 2	 1	 2	 5	 0	 2	 2	 1	421.79	  0.05
02	20	v	 1	 2	 2	 2	 1	 1	 2	 1	 0	244.88	  0.05
02	20	v	 1	 2	 1	 1	 3	 0	 2	 1	 0	366.08	  0.05
02	20	v	 1	 1	 2	 4	-1	 0	 1	 1	 1	346.07	  0.05
02	20	v	 1	 1	 1	 3	 1	 1	 1	 1	 1	334.30	  0.05
02	20	v	 1	 1	 1	 1	 1	 1	 1	 1	 1	445.87	  0.05
02	20	v	 1	 2	 2	 2	 3	 1	 2	 2	 1	375.32	  0.05
02	20	v	 1	 2	 2	 3	 4	 1	 2	 2	 1	264.90	  0.05
02	20	v	 1	 2	 1	 4	-1	 0	 2	 2	 1	398.14	  0.05
02	20	v	 1	 1	 1	 2	 2	 1	 1	 1	 1	463.45	  0.05
02	20	v	 1	 2	 1	 4	-1	 0	 2	 1	 0	433.65	  0.05
02	20	v	 1	 1	 2	 3	 2	 0	 1	 1	 1	461.36	  0.05
02	20	v	 1	 2	 1	 4	-1	 0	 2	 2	 1	411.31	  0.05
02	20	v	 1	 2	 2	 4	-1	 1	 2	 2	 1	468.05	  0.05
02	20	v	 1	 1	 2	 2	 3	 0	 1	 1	 1	384.58	  0.05
02	20	v	 1	 2	 2	 1	 1	 1	 2	 2	 1	417.16	  0.05
02	20	v	 1	 2	 1	 2	 4	 0	 2	 2	 1	445.20	  0.05
02	20	v	 1	 2	 2	 4	-1	 1	 2	 2	 1	330.04	  0.05
02	20	v	 1	 2	 2	 3	 4	 1	 2	 2	 1	334.85	  0.05
02	20	v	 1	 1	 2	 4	-1	 0	 1	 1	 1	438.02	  0.05
02	20	v	 1	 2	 1	 3	 3	 0	 2	 2	 1	362.94	  0.06
02	20	v	 1	 2	 2	 4	-1	 1	 2	 2	 1	380.14	  0.05
02	20	v	 2	 1	 1	 2	 6	 1	 1	 1	 1	581.41	  0.05
02	20	v	 2	 2	 1	 2	 3	 0	 2	 2	 1	295.63	  0.05
02	20	v	 2	 1	 2	 1	 4	 0	 1	 2	 0	362.85	  0.06
02	20	v	 2	 2	 1	 1	 4	 0	 2	 2	 1	437.42	  0.05
02	20	v	 2	 1	 2	 1	 1	 0	 1	 1	 1	435.94	  0.05
02	20	v	 2	 1	 2	 1	 1	 0	 1	 1	 1	422.78	  0.05
02	20	v	 2	 1	 2	 1	 4	 0	 1	 1	 1	483.56	  0.05
02	20	v	 2	 1	 2	 2	 6	 0	 1	 1	 1	391.86	  0.05
02	20	v	 2	 2	 1	 2	 6	 0	 2	 2	 1	391.61	  0.05
02	20	v	 2	 2	 2	 3	 2	 1	 2	 2	 1	498.16	  0.05
02	20	v	 2	 1	 1	 4	-1	 1	 1	 1	 1	303.64	  0.06
02	20	v	 2	 2	 1	 4	-1	 0	 2	 2	 1	358.23	  0.05
02	20	v	 2	 2	 2	 1	 1	 1	 2	 2	 1	362.93	  0.05
02	20	v	 2	 1	 1	 1	 3	 1	 1	 1	 1	391.89	  0.05
02	20	v	 2	 1	 1	 2	 6	 1	 1	 1	 1	367.41	  0.05
02	20	v	 2	 1	 1	 2	 3	 1	 1	 1	 1	458.11	  0.05
02	20	v	 2	 2	 1	 1	 4	 0	 2	 2	 1	309.05	  0.05
02	20	v	 2	 1	 2	 2	 2	 0	 1	 1	 1	302.06	  0.05
02	20	v	 2	 2	 1	 2	 2	 0	 2	 1	 0	233.85	  0.05
02	20	v	 2	 1	 2	 4	-1	 0	 1	 2	 0	305.92	  0.05
02	20	v	 2	 2	 1	 4	-1	 0	 2	 2	 1	319.92	  0.05
02	20	v	 2	 2	 1	 3	 1	 0	 2	 1	 0	279.66	  0.05
02	20	v	 2	 2	 2	 2	 6	 1	 2	 2	 1	371.56	  0.05
02	20	v	 2	 1	 2	 3	 2	 0	 1	 1	 1	339.01	  0.05
02	20	v	 2	 1	 1	 4	-1	 1	 1	 1	 1	434.03	  0.05
02	20	v	 2	 2	 2	 4	-1	 1	 2	 2	 1	412.62	  0.05
02	20	v	 2	 2	 2	 1	 3	 1	 2	 2	 1	346.70	  0.05
02	20	v	 2	 2	 2	 1	 1	 1	 2	 2	 1	363.79	  0.05
02	20	v	 2	 2	 1	 3	 1	 0	 2	 2	 1	347.92	  0.05
02	20	v	 2	 1	 2	 2	 4	 0	 1	 1	 1	381.38	  0.05
02	20	v	 2	 2	 2	 2	 1	 1	 2	 2	 1	381.42	  0.05
02	20	v	 2	 1	 1	 3	 4	 1	 1	 1	 1	402.18	  0.05
02	20	v	 2	 2	 1	 1	 1	 0	 2	 2	 1	340.76	  0.05
02	20	v	 2	 2	 2	 4	-1	 1	 2	 1	 0	300.27	  0.05
02	20	v	 2	 1	 1	 4	-1	 1	 1	 1	 1	399.91	  0.05
02	20	v	 2	 2	 2	 3	 3	 1	 2	 2	 1	293.28	  0.05
02	20	v	 2	 1	 1	 2	 5	 1	 1	 1	 1	389.20	  0.05
02	20	v	 2	 1	 1	 1	 2	 1	 1	 1	 1	385.22	  0.05
02	20	v	 2	 2	 2	 2	 4	 1	 2	 2	 1	416.96	  0.05
02	20	v	 2	 2	 2	 3	 1	 1	 2	 2	 1	449.67	  0.05
02	20	v	 2	 1	 1	 2	 1	 1	 1	 1	 1	362.70	  0.05
02	20	v	 2	 2	 1	 2	 6	 0	 2	 2	 1	641.46	  0.05
02	20	v	 2	 1	 2	 3	 4	 0	 1	 2	 0	371.20	  0.05
02	20	v	 2	 1	 1	 3	 1	 1	 1	 1	 1	416.44	  0.05
02	20	v	 2	 1	 1	 1	 4	 1	 1	 1	 1	333.84	  0.05
02	20	v	 2	 1	 1	 3	 3	 1	 1	 1	 1	391.59	  0.08
02	20	v	 2	 2	 1	 3	 2	 0	 2	 2	 1	391.74	  0.05
02	20	v	 2	 2	 1	 1	 4	 0	 2	 2	 1	358.95	  0.05
02	20	v	 2	 2	 2	 3	 1	 1	 2	 2	 1	437.26	  0.06
02	20	v	 2	 2	 1	 4	-1	 0	 2	 2	 1	346.28	  0.06
02	20	v	 2	 1	 1	 2	 4	 1	 1	 1	 1	322.32	  0.06
02	20	v	 2	 2	 1	 3	 4	 0	 2	 2	 1	393.17	  0.05
02	20	v	 2	 1	 2	 4	-1	 0	 1	 1	 1	388.83	  0.05
02	20	v	 2	 1	 2	 2	 1	 0	 1	 1	 1	380.60	  0.05
02	20	v	 2	 1	 1	 3	 2	 1	 1	 1	 1	385.18	  0.05
02	20	v	 2	 2	 2	 3	 4	 1	 2	 2	 1	360.22	  0.06
02	20	v	 2	 1	 2	 3	 4	 0	 1	 1	 1	307.30	  0.05
02	20	v	 2	 1	 2	 2	 4	 0	 1	 2	 0	316.95	  0.05
02	20	v	 2	 1	 1	 4	-1	 1	 1	 1	 1	420.29	  0.05
02	20	v	 2	 2	 2	 2	 5	 1	 2	 2	 1	362.42	  0.06
02	20	v	 2	 2	 1	 4	-1	 0	 2	 2	 1	366.96	  0.05
02	20	v	 2	 1	 1	 1	 3	 1	 1	 1	 1	354.91	  0.05
02	20	v	 2	 1	 2	 4	-1	 0	 1	 2	 0	351.06	  0.06
02	20	v	 2	 2	 2	 4	-1	 1	 2	 2	 1	417.16	  0.06
02	20	v	 2	 1	 2	 4	-1	 0	 1	 1	 1	281.44	  0.05
02	20	v	 2	 1	 1	 4	-1	 1	 1	 1	 1	340.49	  0.05
02	20	v	 2	 1	 2	 1	 1	 0	 1	 1	 1	272.21	  0.05
02	20	v	 2	 2	 2	 1	 3	 1	 2	 2	 1	396.27	  0.05
02	20	v	 2	 1	 1	 1	 3	 1	 1	 1	 1	371.64	  0.05
02	20	v	 2	 1	 1	 4	-1	 1	 1	 1	 1	462.01	  0.05
02	20	v	 2	 2	 2	 4	-1	 1	 2	 2	 1	349.61	  0.05
02	20	v	 2	 2	 1	 1	 2	 0	 2	 1	 0	342.92	  0.05
02	20	v	 2	 1	 1	 3	 4	 1	 1	 1	 1	322.70	  0.05
02	20	v	 2	 2	 2	 1	 4	 1	 2	 2	 1	385.39	  0.05
02	20	v	 2	 2	 2	 2	 4	 1	 2	 2	 1	504.04	  0.05
02	20	v	 2	 2	 2	 3	 1	 1	 2	 2	 1	399.65	  0.05
02	20	v	 2	 2	 1	 3	 2	 0	 2	 2	 1	317.49	  0.06
02	20	v	 2	 1	 2	 3	 3	 0	 1	 1	 1	388.14	  0.06
02	20	v	 2	 2	 1	 2	 3	 0	 2	 2	 1	1305.50	  0.05
02	20	v	 2	 2	 1	 3	 4	 0	 2	 2	 1	478.98	  0.05
02	20	v	 2	 2	 1	 4	-1	 0	 2	 2	 1	416.08	  0.05
02	20	v	 2	 1	 2	 4	-1	 0	 1	 1	 1	374.61	  0.05
02	20	v	 2	 1	 2	 3	 1	 0	 1	 1	 1	432.22	  0.05
02	20	v	 2	 2	 2	 2	 2	 1	 2	 2	 1	370.55	  0.05
02	20	v	 2	 2	 2	 4	-1	 1	 2	 2	 1	403.05	  0.05
02	20	v	 2	 1	 2	 2	 1	 0	 1	 1	 1	271.36	  0.05
02	20	v	 2	 1	 1	 1	 1	 1	 1	 1	 1	302.23	  0.05
02	20	v	 2	 1	 2	 3	 1	 0	 1	 1	 1	393.55	  0.05
02	20	v	 2	 1	 1	 3	 2	 1	 1	 1	 1	381.64	  0.05
02	20	v	 2	 2	 1	 2	 1	 0	 2	 2	 1	373.07	  0.05
02	20	v	 2	 2	 2	 1	 1	 1	 2	 2	 1	312.01	  0.05
02	20	v	 2	 2	 2	 4	-1	 1	 2	 2	 1	341.88	  0.06
02	20	v	 2	 1	 2	 4	-1	 0	 1	 1	 1	445.08	  0.05
02	20	v	 2	 2	 1	 1	 2	 0	 2	 2	 1	382.71	  0.06
02	20	v	 2	 1	 2	 1	 2	 0	 1	 2	 0	456.47	  0.05
02	20	v	 2	 2	 1	 4	-1	 0	 2	 2	 1	426.51	  0.05
02	20	v	 3	 2	 2	 2	 1	 1	 2	 2	 1	549.84	  0.05
02	20	v	 3	 1	 2	 2	 5	 0	 1	 1	 1	456.54	  0.06
02	20	v	 3	 2	 2	 4	-1	 1	 2	 2	 1	398.10	  0.05
02	20	v	 3	 1	 2	 1	 2	 0	 1	 1	 1	397.82	  0.05
02	20	v	 3	 2	 1	 1	 3	 0	 2	 1	 0	401.93	  0.05
02	20	v	 3	 2	 1	 2	 5	 0	 2	 2	 1	458.84	  0.07
02	20	v	 3	 2	 1	 3	 3	 0	 2	 2	 1	428.97	  0.05
02	20	v	 3	 1	 2	 3	 1	 0	 1	 1	 1	403.80	  0.06
02	20	v	 3	 2	 1	 4	-1	 0	 2	 1	 0	399.42	  0.05
02	20	v	 3	 2	 2	 2	 3	 1	 2	 2	 1	489.30	  0.05
02	20	v	 3	 2	 2	 1	 3	 1	 2	 2	 1	352.44	  0.05
02	20	v	 3	 1	 2	 3	 3	 0	 1	 1	 1	393.88	  0.05
02	20	v	 3	 1	 1	 4	-1	 1	 1	 2	 0	369.49	  0.05
02	20	v	 3	 1	 2	 2	 3	 0	 1	 1	 1	381.63	  0.05
02	20	v	 3	 2	 1	 3	 2	 0	 2	 2	 1	373.72	  0.05
02	20	v	 3	 2	 2	 1	 2	 1	 2	 2	 1	349.37	  0.05
02	20	v	 3	 1	 2	 2	 6	 0	 1	 1	 1	378.71	  0.05
02	20	v	 3	 1	 2	 4	-1	 0	 1	 1	 1	424.28	  0.05
02	20	v	 3	 2	 2	 1	 4	 1	 2	 2	 1	439.81	  0.06
02	20	v	 3	 1	 2	 1	 3	 0	 1	 1	 1	389.57	  0.05
02	20	v	 3	 1	 1	 4	-1	 1	 1	 1	 1	389.41	  0.05
02	20	v	 3	 2	 1	 2	 5	 0	 2	 2	 1	360.44	  0.05
02	20	v	 3	 2	 2	 2	 5	 1	 2	 1	 0	275.11	  0.05
02	20	v	 3	 2	 2	 4	-1	 1	 2	 2	 1	481.95	  0.06
02	20	v	 3	 1	 2	 1	 3	 0	 1	 1	 1	324.60	  0.05
02	20	v	 3	 1	 1	 1	 1	 1	 1	 1	 1	411.81	  0.05
02	20	v	 3	 2	 1	 4	-1	 0	 2	 2	 1	472.90	  0.05
02	20	v	 3	 1	 1	 3	 1	 1	 1	 1	 1	344.33	  0.05
02	20	v	 3	 1	 1	 3	 3	 1	 1	 1	 1	402.38	  0.05
02	20	v	 3	 1	 2	 1	 3	 0	 1	 1	 1	357.30	  0.05
02	20	v	 3	 2	 2	 4	-1	 1	 2	 2	 1	365.63	  0.05
02	20	v	 3	 2	 2	 3	 3	 1	 2	 2	 1	513.67	  0.05
02	20	v	 3	 1	 1	 3	 4	 1	 1	 1	 1	335.52	  0.05
02	20	v	 3	 1	 1	 1	 4	 1	 1	 1	 1	389.45	  0.05
02	20	v	 3	 2	 1	 4	-1	 0	 2	 1	 0	397.83	  0.05
02	20	v	 3	 1	 1	 1	 2	 1	 1	 1	 1	471.13	  0.05
02	20	v	 3	 1	 1	 2	 5	 1	 1	 1	 1	436.89	  0.05
02	20	v	 3	 2	 1	 2	 4	 0	 2	 1	 0	435.85	  0.05
02	20	v	 3	 1	 2	 1	 2	 0	 1	 1	 1	406.33	  0.05
02	20	v	 3	 1	 1	 1	 2	 1	 1	 1	 1	414.14	  0.05
02	20	v	 3	 2	 1	 3	 3	 0	 2	 2	 1	376.91	  0.05
02	20	v	 3	 2	 1	 3	 3	 0	 2	 2	 1	377.14	  0.06
02	20	v	 3	 1	 1	 3	 1	 1	 1	 1	 1	356.82	  0.05
02	20	v	 3	 2	 2	 1	 4	 1	 2	 2	 1	250.85	  0.06
02	20	v	 3	 2	 2	 1	 2	 1	 2	 2	 1	424.97	  0.08
02	20	v	 3	 2	 2	 3	 3	 1	 2	 2	 1	379.24	  0.05
02	20	v	 3	 1	 2	 2	 3	 0	 1	 1	 1	456.87	  0.05
02	20	v	 3	 1	 1	 1	 1	 1	 1	 1	 1	435.57	  0.06
02	20	v	 3	 2	 2	 3	 4	 1	 2	 2	 1	340.34	  0.05
02	20	v	 3	 2	 2	 4	-1	 1	 2	 2	 1	365.82	  0.05
02	20	v	 3	 2	 1	 2	 4	 0	 2	 2	 1	439.96	  0.05
02	20	v	 3	 2	 2	 2	 2	 1	 2	 2	 1	275.45	  0.05
02	20	v	 3	 1	 1	 4	-1	 1	 1	 1	 1	346.69	  0.05
02	20	v	 3	 1	 1	 2	 2	 1	 1	 2	 0	204.20	  0.06
02	20	v	 3	 2	 1	 4	-1	 0	 2	 2	 1	493.85	  0.05
02	20	v	 3	 1	 1	 2	 2	 1	 1	 1	 1	352.83	  0.05
02	20	v	 3	 2	 2	 3	 2	 1	 2	 2	 1	373.69	  0.05
02	20	v	 3	 1	 1	 4	-1	 1	 1	 1	 1	353.42	  0.05
02	20	v	 3	 1	 1	 2	 4	 1	 1	 1	 1	341.66	  0.05
02	20	v	 3	 1	 2	 1	 4	 0	 1	 1	 1	362.71	  0.05
02	20	v	 3	 2	 1	 1	 1	 0	 2	 2	 1	408.32	  0.05
02	20	v	 3	 1	 1	 3	 2	 1	 1	 2	 0	358.92	  0.05
02	20	v	 3	 2	 1	 1	 3	 0	 2	 2	 1	465.68	  0.05
02	20	v	 3	 2	 2	 4	-1	 1	 2	 2	 1	440.36	  0.05
02	20	v	 3	 1	 2	 3	 2	 0	 1	 1	 1	434.89	  0.05
02	20	v	 3	 2	 1	 1	 1	 0	 2	 2	 1	462.51	  0.05
02	20	v	 3	 1	 1	 3	 3	 1	 1	 1	 1	404.15	  0.05
02	20	v	 3	 1	 1	 1	 4	 1	 1	 1	 1	534.78	  0.05
02	20	v	 3	 2	 1	 1	 3	 0	 2	 2	 1	458.71	  0.05
02	20	v	 3	 1	 1	 4	-1	 1	 1	 1	 1	338.51	  0.05
02	20	v	 3	 2	 1	 3	 4	 0	 2	 2	 1	359.69	  0.05
02	20	v	 3	 2	 2	 2	 3	 1	 2	 1	 0	270.06	  0.05
02	20	v	 3	 1	 2	 4	-1	 0	 1	 1	 1	284.15	  0.05
02	20	v	 3	 2	 2	 1	 2	 1	 2	 2	 1	498.77	  0.05
02	20	v	 3	 1	 2	 3	 4	 0	 1	 1	 1	386.29	  0.05
02	20	v	 3	 1	 2	 4	-1	 0	 1	 1	 1	374.11	  0.06
02	20	v	 3	 1	 2	 4	-1	 0	 1	 2	 0	251.37	  0.05
02	20	v	 3	 2	 2	 2	 6	 1	 2	 2	 1	355.62	  0.05
02	20	v	 3	 1	 2	 2	 2	 0	 1	 1	 1	290.91	  0.05
02	20	v	 3	 1	 1	 4	-1	 1	 1	 1	 1	201.89	  0.05
02	20	v	 3	 2	 2	 3	 4	 1	 2	 1	 0	214.00	  0.05
02	20	v	 3	 1	 2	 3	 3	 0	 1	 2	 0	368.20	  0.05
02	20	v	 3	 1	 2	 4	-1	 0	 1	 2	 0	245.54	  0.05
02	20	v	 3	 2	 1	 2	 1	 0	 2	 2	 1	272.47	  0.05
02	20	v	 3	 1	 2	 2	 5	 0	 1	 1	 1	290.53	  0.05
02	20	v	 3	 2	 1	 4	-1	 0	 2	 1	 0	337.81	  0.05
02	20	v	 3	 2	 1	 4	-1	 0	 2	 2	 1	428.35	  0.05
02	20	v	 3	 1	 1	 2	 1	 1	 1	 1	 1	321.18	  0.05
02	20	v	 3	 1	 2	 3	 2	 0	 1	 1	 1	420.49	  0.05
02	20	v	 3	 1	 2	 4	-1	 0	 1	 1	 1	415.53	  0.05
02	20	v	 3	 2	 2	 3	 2	 1	 2	 2	 1	370.35	  0.05
02	20	v	 3	 2	 1	 3	 1	 0	 2	 1	 0	292.68	  0.06
02	20	v	 3	 2	 1	 2	 2	 0	 2	 1	 0	372.21	  0.05
02	20	v	 3	 2	 1	 1	 2	 0	 2	 2	 1	429.70	  0.05
02	20	v	 3	 1	 1	 2	 3	 1	 1	 1	 1	383.99	  0.05
02	20	v	 3	 2	 2	 4	-1	 1	 2	 2	 1	326.50	  0.05
