27	18	v	 0	 2	 1	 1	 2	 2	 1	677.81	  0.05
27	18	v	 0	 2	 1	 2	 2	 2	 1	413.90	  0.05
27	18	v	 0	 1	 2	 3	 1	 1	 1	445.68	  0.05
27	18	v	 0	 1	 1	 2	 1	 1	 1	566.90	  0.05
27	18	v	 0	 1	 3	 3	 1	 1	 1	498.02	  0.05
27	18	v	 0	 2	 0	-1	 2	 2	 1	561.30	  0.06
27	18	v	 0	 1	 3	 4	 1	 1	 1	447.06	  0.06
27	18	v	 0	 2	 2	 6	 2	 2	 1	384.08	  0.05
27	18	v	 0	 1	 0	-1	 1	 1	 1	645.89	  0.05
27	18	v	 0	 1	 0	-1	 1	 2	 0	538.57	  0.05
27	18	v	 0	 2	 0	-1	 2	 2	 1	575.90	  0.05
27	18	v	 0	 1	 0	-1	 1	 1	 1	454.14	  0.06
27	18	v	 0	 1	 2	 5	 1	 1	 1	407.76	  0.06
27	18	v	 0	 2	 2	 4	 2	 2	 1	631.54	  0.05
27	18	v	 0	 1	 3	 1	 1	 1	 1	446.73	  0.06
27	18	v	 0	 1	 4	-1	 1	 1	 1	452.95	  0.05
27	18	v	 0	 1	 4	-1	 1	 1	 1	431.40	  0.11
27	18	v	 0	 2	 2	 5	 2	 2	 1	619.05	  0.06
27	18	v	 0	 2	 1	 1	 2	 2	 1	417.42	  0.06
27	18	v	 0	 2	 4	-1	 2	 2	 1	448.97	  0.05
27	18	v	 0	 1	 4	-1	 1	 1	 1	594.83	  0.05
27	18	v	 0	 2	 4	-1	 2	 2	 1	562.07	  0.06
27	18	v	 0	 2	 2	 1	 2	 2	 1	435.74	  0.05
27	18	v	 0	 2	 0	-1	 2	 2	 1	405.62	  0.05
27	18	v	 0	 1	 3	 3	 1	 1	 1	679.07	  0.05
27	18	v	 0	 1	 3	 2	 1	 1	 1	395.08	  0.06
27	18	v	 0	 2	 3	 1	 2	 2	 1	566.42	  0.05
27	18	v	 0	 2	 2	 3	 2	 2	 1	435.99	  0.05
27	18	v	 0	 1	 2	 6	 1	 1	 1	549.41	  0.05
27	18	v	 0	 2	 3	 1	 2	 2	 1	509.83	  0.05
27	18	v	 0	 1	 1	 3	 1	 1	 1	428.91	  0.08
27	18	v	 0	 1	 2	 6	 1	 1	 1	415.07	  0.06
27	18	v	 0	 2	 0	-1	 2	 2	 1	614.66	  0.06
27	18	v	 0	 2	 4	-1	 2	 2	 1	545.52	  0.05
27	18	v	 0	 2	 3	 3	 2	 2	 1	534.59	  0.05
27	18	v	 0	 1	 2	 2	 1	 1	 1	584.12	  0.06
27	18	v	 0	 1	 2	 4	 1	 1	 1	407.58	  0.05
27	18	v	 0	 2	 1	 4	 2	 2	 1	566.85	  0.05
27	18	v	 0	 2	 3	 2	 2	 2	 1	391.02	  0.07
27	18	v	 0	 1	 4	-1	 1	 1	 1	463.86	  0.05
27	18	v	 0	 1	 4	-1	 1	 1	 1	421.36	  0.06
27	18	v	 0	 2	 3	 1	 2	 2	 1	493.88	  0.05
27	18	v	 0	 1	 0	-1	 1	 1	 1	429.67	  0.05
27	18	v	 0	 1	 1	 1	 1	 1	 1	608.50	  0.05
27	18	v	 0	 1	 0	-1	 1	 1	 1	411.91	  0.06
27	18	v	 0	 2	 0	-1	 2	 2	 1	763.08	  0.05
27	18	v	 0	 2	 2	 4	 2	 2	 1	597.37	  0.05
27	18	v	 0	 2	 4	-1	 2	 2	 1	633.78	  0.06
27	18	v	 0	 1	 1	 4	 1	 1	 1	538.36	  0.05
27	18	v	 0	 2	 0	-1	 2	 2	 1	502.38	  0.05
27	18	v	 0	 1	 3	 2	 1	 1	 1	471.47	  0.05
27	18	v	 0	 2	 1	 4	 2	 2	 1	465.82	  0.06
27	18	v	 0	 1	 0	-1	 1	 1	 1	479.89	  0.06
27	18	v	 0	 2	 1	 3	 2	 2	 1	559.38	  0.05
27	18	v	 0	 2	 4	-1	 2	 2	 1	400.63	  0.06
27	18	v	 0	 1	 1	 1	 1	 1	 1	534.81	  0.05
27	18	v	 0	 2	 4	-1	 2	 2	 1	466.05	  0.05
27	18	v	 0	 1	 1	 3	 1	 1	 1	566.04	  0.06
27	18	v	 0	 2	 3	 4	 2	 2	 1	460.46	  0.05
27	18	v	 0	 1	 4	-1	 1	 1	 1	471.02	  0.06
27	18	v	 1	 1	 1	 4	 1	 1	 1	647.32	  0.06
27	18	v	 1	 1	 3	 3	 1	 1	 1	441.69	  0.05
27	18	v	 1	 2	 1	 4	 2	 2	 1	468.54	  0.05
27	18	v	 1	 1	 0	-1	 1	 1	 1	462.71	  0.05
27	18	v	 1	 1	 3	 4	 1	 1	 1	424.00	  0.05
27	18	v	 1	 2	 2	 2	 2	 2	 1	401.97	  0.06
27	18	v	 1	 2	 0	-1	 2	 2	 1	471.10	  0.05
27	18	v	 1	 2	 3	 2	 2	 2	 1	456.73	  0.05
27	18	v	 1	 2	 2	 3	 2	 2	 1	454.94	  0.06
27	18	v	 1	 1	 1	 3	 1	 1	 1	403.95	  0.05
27	18	v	 1	 1	 1	 4	 1	 1	 1	276.00	  0.05
27	18	v	 1	 2	 2	 5	 2	 2	 1	519.52	  0.05
27	18	v	 1	 1	 3	 4	 1	 1	 1	483.32	  0.05
27	18	v	 1	 1	 4	-1	 1	 1	 1	374.52	  0.05
27	18	v	 1	 2	 1	 2	 2	 2	 1	427.39	  0.06
27	18	v	 1	 1	 0	-1	 1	 1	 1	626.83	  0.11
27	18	v	 1	 2	 1	 3	 2	 2	 1	491.62	  0.05
27	18	v	 1	 1	 4	-1	 1	 1	 1	480.65	  0.06
27	18	v	 1	 2	 4	-1	 2	 2	 1	449.76	  0.05
27	18	v	 1	 1	 0	-1	 1	 1	 1	484.92	  0.05
27	18	v	 1	 2	 3	 4	 2	 2	 1	507.44	  0.06
27	18	v	 1	 2	 3	 2	 2	 2	 1	365.45	  0.05
27	18	v	 1	 2	 1	 2	 2	 2	 1	447.37	  0.07
27	18	v	 1	 2	 0	-1	 2	 2	 1	388.51	  0.05
27	18	v	 1	 1	 0	-1	 1	 1	 1	584.04	  0.05
27	18	v	 1	 2	 2	 1	 2	 2	 1	453.55	  0.05
27	18	v	 1	 2	 0	-1	 2	 2	 1	411.45	  0.05
27	18	v	 1	 1	 2	 5	 1	 1	 1	545.94	  0.06
27	18	v	 1	 1	 3	 1	 1	 1	 1	1034.79	  0.05
27	18	v	 1	 1	 4	-1	 1	 1	 1	420.71	  0.05
27	18	v	 1	 2	 1	 1	 2	 2	 1	427.73	  0.06
27	18	v	 1	 1	 0	-1	 1	 1	 1	385.11	  0.05
27	18	v	 1	 1	 2	 2	 1	 1	 1	397.46	  0.05
27	18	v	 1	 2	 4	-1	 2	 2	 1	536.52	  0.07
27	18	v	 1	 1	 1	 2	 1	 1	 1	549.27	  0.05
27	18	v	 1	 1	 2	 1	 1	 1	 1	394.58	  0.08
27	18	v	 1	 1	 2	 3	 1	 1	 1	377.39	  0.05
27	18	v	 1	 1	 3	 2	 1	 1	 1	356.65	  0.05
27	18	v	 1	 2	 4	-1	 2	 2	 1	483.49	  0.05
27	18	v	 1	 1	 0	-1	 1	 1	 1	501.66	  0.11
27	18	v	 1	 2	 4	-1	 2	 2	 1	540.21	  0.05
27	18	v	 1	 2	 1	 3	 2	 2	 1	397.70	  0.05
27	18	v	 1	 2	 2	 6	 2	 2	 1	364.27	  0.05
27	18	v	 1	 1	 1	 2	 1	 1	 1	482.96	  0.05
27	18	v	 1	 2	 4	-1	 2	 2	 1	448.14	  0.06
27	18	v	 1	 1	 2	 1	 1	 1	 1	475.97	  0.05
27	18	v	 1	 1	 4	-1	 1	 1	 1	363.19	  0.06
27	18	v	 1	 2	 0	-1	 2	 2	 1	498.25	  0.05
27	18	v	 1	 1	 3	 1	 1	 1	 1	459.08	  0.06
27	18	v	 1	 1	 4	-1	 1	 1	 1	346.02	  0.05
27	18	v	 1	 2	 0	-1	 2	 2	 1	540.03	  0.05
27	18	v	 1	 2	 2	 2	 2	 2	 1	491.43	  0.05
27	18	v	 1	 2	 3	 3	 2	 2	 1	374.32	  0.05
27	18	v	 1	 1	 4	-1	 1	 1	 1	513.23	  0.05
27	18	v	 1	 1	 2	 4	 1	 1	 1	375.75	  0.05
27	18	v	 1	 2	 3	 3	 2	 2	 1	489.99	  0.05
27	18	v	 1	 2	 3	 4	 2	 2	 1	454.79	  0.05
27	18	v	 1	 2	 0	-1	 2	 2	 1	379.41	  0.06
27	18	v	 1	 1	 1	 1	 1	 1	 1	743.53	  0.05
27	18	v	 1	 2	 4	-1	 2	 2	 1	454.19	  0.05
27	18	v	 2	 1	 2	 2	 1	 1	 1	608.10	  0.11
27	18	v	 2	 1	 1	 1	 1	 1	 1	333.29	  0.05
27	18	v	 2	 2	 4	-1	 2	 2	 1	505.60	  0.05
27	18	v	 2	 2	 3	 2	 2	 1	 0	298.21	  0.08
27	18	v	 2	 2	 1	 4	 2	 2	 1	913.53	  0.06
27	18	v	 2	 1	 2	 3	 1	 1	 1	470.46	  0.06
27	18	v	 2	 2	 2	 3	 2	 2	 1	484.21	  0.05
27	18	v	 2	 1	 2	 1	 1	 2	 0	678.49	  0.05
27	18	v	 2	 1	 1	 2	 1	 1	 1	599.26	  0.05
27	18	v	 2	 2	 2	 6	 2	 2	 1	603.43	  0.06
27	18	v	 2	 1	 1	 4	 1	 1	 1	570.92	  0.05
27	18	v	 2	 1	 3	 1	 1	 1	 1	370.36	  0.05
27	18	v	 2	 2	 4	-1	 2	 2	 1	427.32	  0.05
27	18	v	 2	 2	 1	 1	 2	 2	 1	508.02	  0.05
27	18	v	 2	 2	 0	-1	 2	 2	 1	448.07	  0.06
27	18	v	 2	 2	 4	-1	 2	 2	 1	417.87	  0.05
27	18	v	 2	 1	 1	 3	 1	 1	 1	805.72	  0.06
27	18	v	 2	 1	 3	 4	 1	 1	 1	351.54	  0.05
27	18	v	 2	 2	 4	-1	 2	 2	 1	474.29	  0.05
27	18	v	 2	 1	 0	-1	 1	 2	 0	619.69	  0.06
27	18	v	 2	 1	 4	-1	 1	 1	 1	487.52	  0.06
27	18	v	 2	 1	 0	-1	 1	 1	 1	437.13	  0.06
27	18	v	 2	 2	 0	-1	 2	 2	 1	821.09	  0.06
27	18	v	 2	 2	 3	 2	 2	 2	 1	423.49	  0.05
27	18	v	 2	 2	 3	 1	 2	 2	 1	426.43	  0.06
27	18	v	 2	 1	 2	 1	 1	 1	 1	495.03	  0.05
27	18	v	 2	 2	 0	-1	 2	 2	 1	570.50	  0.06
27	18	v	 2	 2	 4	-1	 2	 2	 1	374.73	  0.06
27	18	v	 2	 2	 4	-1	 2	 2	 1	418.99	  0.11
27	18	v	 2	 2	 2	 2	 2	 2	 1	393.14	  0.06
27	18	v	 2	 1	 4	-1	 1	 1	 1	364.08	  0.07
27	18	v	 2	 2	 3	 4	 2	 2	 1	466.36	  0.05
27	18	v	 2	 2	 3	 3	 2	 2	 1	579.24	  0.06
27	18	v	 2	 1	 0	-1	 1	 1	 1	616.44	  0.06
27	18	v	 2	 2	 1	 3	 2	 2	 1	505.62	  0.06
27	18	v	 2	 1	 3	 3	 1	 1	 1	576.57	  0.06
27	18	v	 2	 2	 0	-1	 2	 2	 1	466.30	  0.06
27	18	v	 2	 1	 4	-1	 1	 1	 1	718.19	  0.06
27	18	v	 2	 1	 0	-1	 1	 1	 1	880.45	  0.05
27	18	v	 2	 1	 3	 3	 1	 1	 1	478.88	  0.05
27	18	v	 2	 1	 4	-1	 1	 1	 1	464.04	  0.05
27	18	v	 2	 2	 0	-1	 2	 2	 1	437.71	  0.06
27	18	v	 2	 1	 0	-1	 1	 1	 1	579.80	  0.06
27	18	v	 2	 1	 4	-1	 1	 1	 1	445.00	  0.05
27	18	v	 2	 2	 1	 2	 2	 2	 1	464.38	  0.05
27	18	v	 2	 1	 2	 4	 1	 1	 1	634.17	  0.05
27	18	v	 2	 2	 1	 2	 2	 2	 1	465.48	  0.06
27	18	v	 2	 2	 0	-1	 2	 2	 1	615.21	  0.06
27	18	v	 2	 1	 1	 1	 1	 1	 1	512.44	  0.06
27	18	v	 2	 1	 2	 6	 1	 1	 1	567.23	  0.06
27	18	v	 2	 2	 1	 1	 2	 2	 1	506.09	  0.05
27	18	v	 2	 1	 0	-1	 1	 1	 1	921.54	  0.06
27	18	v	 2	 2	 2	 5	 2	 2	 1	526.74	  0.05
27	18	v	 2	 1	 3	 1	 1	 1	 1	532.04	  0.05
27	18	v	 2	 1	 3	 2	 1	 1	 1	553.71	  0.05
27	18	v	 2	 1	 1	 2	 1	 1	 1	505.01	  0.06
27	18	v	 2	 2	 2	 4	 2	 2	 1	494.74	  0.05
27	18	v	 2	 2	 2	 2	 2	 2	 1	328.15	  0.07
27	18	v	 2	 1	 4	-1	 1	 1	 1	611.17	  0.05
27	18	v	 2	 2	 3	 2	 2	 2	 1	705.19	  0.05
27	18	v	 3	 2	 1	 4	 2	 2	 1	492.02	  0.05
27	18	v	 3	 2	 0	-1	 2	 2	 1	342.51	  0.09
27	18	v	 3	 2	 3	 3	 2	 2	 1	383.90	  0.06
27	18	v	 3	 1	 2	 2	 1	 1	 1	506.08	  0.05
27	18	v	 3	 1	 0	-1	 1	 1	 1	414.15	  0.05
27	18	v	 3	 2	 1	 4	 2	 2	 1	433.42	  0.05
27	18	v	 3	 2	 4	-1	 2	 2	 1	636.39	  0.05
27	18	v	 3	 1	 4	-1	 1	 1	 1	489.03	  0.05
27	18	v	 3	 2	 0	-1	 2	 2	 1	515.28	  0.05
27	18	v	 3	 2	 2	 1	 2	 2	 1	353.45	  0.05
27	18	v	 3	 1	 0	-1	 1	 1	 1	586.35	  0.06
27	18	v	 3	 1	 1	 4	 1	 2	 0	336.81	  0.05
27	18	v	 3	 2	 1	 2	 2	 2	 1	455.69	  0.05
27	18	v	 3	 1	 0	-1	 1	 1	 1	388.48	  0.05
27	18	v	 3	 1	 4	-1	 1	 1	 1	420.23	  0.06
27	18	v	 3	 2	 2	 3	 2	 2	 1	448.83	  0.05
27	18	v	 3	 2	 3	 1	 2	 2	 1	512.83	  0.05
27	18	v	 3	 1	 1	 3	 1	 1	 1	567.58	  0.06
27	18	v	 3	 2	 3	 1	 2	 2	 1	850.49	  0.05
27	18	v	 3	 1	 1	 1	 1	 1	 1	489.97	  0.05
27	18	v	 3	 2	 0	-1	 2	 2	 1	528.83	  0.08
27	18	v	 3	 1	 2	 6	 1	 1	 1	575.55	  0.09
27	18	v	 3	 2	 1	 1	 2	 2	 1	559.29	  0.08
27	18	v	 3	 1	 4	-1	 1	 1	 1	522.99	  0.06
27	18	v	 3	 2	 2	 5	 2	 2	 1	524.18	  0.05
27	18	v	 3	 1	 3	 4	 1	 1	 1	562.22	  0.05
27	18	v	 3	 2	 4	-1	 2	 2	 1	505.96	  0.05
27	18	v	 3	 1	 3	 3	 1	 1	 1	556.13	  0.06
27	18	v	 3	 2	 4	-1	 2	 2	 1	462.82	  0.09
27	18	v	 3	 2	 4	-1	 2	 2	 1	452.83	  0.10
27	18	v	 3	 1	 2	 5	 1	 1	 1	500.14	  0.05
27	18	v	 3	 2	 3	 3	 2	 2	 1	464.74	  0.05
27	18	v	 3	 2	 2	 6	 2	 2	 1	426.13	  0.06
27	18	v	 3	 1	 4	-1	 1	 1	 1	560.32	  0.05
27	18	v	 3	 2	 1	 3	 2	 2	 1	589.57	  0.06
27	18	v	 3	 2	 1	 3	 2	 2	 1	536.62	  0.09
27	18	v	 3	 1	 2	 4	 1	 1	 1	594.89	  0.06
27	18	v	 3	 1	 0	-1	 1	 1	 1	443.31	  0.08
27	18	v	 3	 1	 3	 2	 1	 1	 1	528.38	  0.05
27	18	v	 3	 2	 0	-1	 2	 2	 1	496.29	  0.09
27	18	v	 3	 1	 4	-1	 1	 1	 1	346.47	  0.07
27	18	v	 3	 1	 0	-1	 1	 1	 1	379.40	  0.06
27	18	v	 3	 2	 0	-1	 2	 2	 1	460.95	  0.05
27	18	v	 3	 1	 3	 1	 1	 1	 1	475.79	  0.05
27	18	v	 3	 1	 3	 4	 1	 1	 1	379.56	  0.05
27	18	v	 3	 2	 3	 4	 2	 2	 1	395.37	  0.06
27	18	v	 3	 2	 4	-1	 2	 2	 1	353.94	  0.05
27	18	v	 3	 2	 0	-1	 2	 2	 1	501.01	  0.06
27	18	v	 3	 1	 2	 5	 1	 1	 1	482.06	  0.05
27	18	v	 3	 2	 2	 1	 2	 2	 1	451.51	  0.06
27	18	v	 3	 1	 1	 3	 1	 1	 1	515.13	  0.05
27	18	v	 3	 2	 4	-1	 2	 2	 1	479.86	  0.05
27	18	v	 3	 1	 1	 4	 1	 1	 1	870.70	  0.05
27	18	v	 3	 1	 4	-1	 1	 1	 1	477.06	  0.06
27	18	v	 3	 2	 3	 4	 2	 2	 1	458.62	  0.06
27	18	v	 3	 1	 2	 3	 1	 1	 1	342.54	  0.06
27	18	v	 3	 2	 2	 4	 2	 2	 1	751.94	  0.05
27	18	v	 3	 1	 1	 2	 1	 1	 1	376.42	  0.05
27	18	v	 3	 1	 0	-1	 1	 1	 1	371.57	  0.05
27	18	v	 3	 1	 3	 2	 1	 1	 1	363.61	  0.06
