44	19	v	 0	 2	 3	 2	 2	 2	 1	357.34	  0.05
44	19	v	 0	 1	 1	 4	 1	 1	 1	279.34	  0.05
44	19	v	 0	 2	 0	-1	 2	 1	 0	448.71	  0.05
44	19	v	 0	 2	 4	-1	 2	 2	 1	419.09	  0.06
44	19	v	 0	 2	 3	 3	 2	 2	 1	437.37	  0.05
44	19	v	 0	 1	 1	 2	 1	 1	 1	325.57	  0.05
44	19	v	 0	 1	 0	-1	 1	 1	 1	444.95	  0.06
44	19	v	 0	 2	 3	 1	 2	 2	 1	385.98	  0.05
44	19	v	 0	 2	 2	 6	 2	 2	 1	384.89	  0.05
44	19	v	 0	 1	 3	 4	 1	 2	 0	323.36	  0.05
44	19	v	 0	 1	 2	 3	 1	 1	 1	368.86	  0.05
44	19	v	 0	 2	 2	 5	 2	 2	 1	307.08	  0.06
44	19	v	 0	 1	 0	-1	 1	 1	 1	303.76	  0.05
44	19	v	 0	 1	 0	-1	 1	 2	 0	332.86	  0.05
44	19	v	 0	 1	 3	 4	 1	 1	 1	361.89	  0.05
44	19	v	 0	 2	 2	 1	 2	 2	 1	317.43	  0.05
44	19	v	 0	 1	 4	-1	 1	 1	 1	345.75	  0.05
44	19	v	 0	 1	 1	 1	 1	 1	 1	362.22	  0.05
44	19	v	 0	 2	 1	 3	 2	 2	 1	366.60	  0.05
44	19	v	 0	 2	 4	-1	 2	 2	 1	411.00	  0.05
44	19	v	 0	 1	 1	 1	 1	 1	 1	287.97	  0.05
44	19	v	 0	 2	 3	 1	 2	 2	 1	419.25	  0.06
44	19	v	 0	 1	 3	 2	 1	 1	 1	274.81	  0.05
44	19	v	 0	 2	 3	 2	 2	 2	 1	415.63	  0.05
44	19	v	 0	 1	 2	 5	 1	 1	 1	386.03	  0.06
44	19	v	 0	 2	 1	 4	 2	 2	 1	389.26	  0.05
44	19	v	 0	 1	 3	 4	 1	 1	 1	327.17	  0.05
44	19	v	 0	 2	 0	-1	 2	 2	 1	495.63	  0.05
44	19	v	 0	 1	 4	-1	 1	 1	 1	423.67	  0.05
44	19	v	 0	 2	 0	-1	 2	 2	 1	312.08	  0.06
44	19	v	 0	 2	 1	 1	 2	 2	 1	525.78	  0.05
44	19	v	 0	 1	 2	 6	 1	 1	 1	453.08	  0.05
44	19	v	 0	 1	 0	-1	 1	 1	 1	464.09	  0.05
44	19	v	 0	 2	 0	-1	 2	 2	 1	429.22	  0.06
44	19	v	 0	 2	 0	-1	 2	 2	 1	382.90	  0.05
44	19	v	 0	 2	 1	 2	 2	 2	 1	300.60	  0.06
44	19	v	 0	 1	 0	-1	 1	 1	 1	416.04	  0.05
44	19	v	 0	 1	 4	-1	 1	 1	 1	357.79	  0.06
44	19	v	 0	 2	 0	-1	 2	 2	 1	333.15	  0.05
44	19	v	 0	 2	 4	-1	 2	 2	 1	386.40	  0.05
44	19	v	 0	 1	 3	 1	 1	 1	 1	504.71	  0.05
44	19	v	 0	 2	 4	-1	 2	 2	 1	313.61	  0.06
44	19	v	 0	 2	 4	-1	 2	 2	 1	379.93	  0.05
44	19	v	 0	 2	 2	 2	 2	 2	 1	399.93	  0.05
44	19	v	 0	 1	 4	-1	 1	 1	 1	415.37	  0.05
44	19	v	 0	 1	 3	 3	 1	 1	 1	451.37	  0.05
44	19	v	 0	 1	 4	-1	 1	 1	 1	457.76	  0.06
44	19	v	 0	 2	 2	 2	 2	 2	 1	333.17	  0.06
44	19	v	 0	 2	 1	 2	 2	 2	 1	394.66	  0.05
44	19	v	 0	 1	 4	-1	 1	 1	 1	423.23	  0.05
44	19	v	 0	 1	 2	 6	 1	 1	 1	425.67	  0.05
44	19	v	 0	 1	 1	 4	 1	 1	 1	547.16	  0.05
44	19	v	 0	 2	 3	 4	 2	 2	 1	478.49	  0.06
44	19	v	 0	 1	 2	 4	 1	 1	 1	451.94	  0.05
44	19	v	 0	 1	 2	 2	 1	 1	 1	417.90	  0.05
44	19	v	 0	 2	 2	 1	 2	 2	 1	383.38	  0.06
44	19	v	 0	 1	 1	 3	 1	 1	 1	546.63	  0.06
44	19	v	 0	 2	 4	-1	 2	 2	 1	367.27	  0.05
44	19	v	 0	 2	 1	 1	 2	 2	 1	375.11	  0.06
44	19	v	 0	 1	 0	-1	 1	 1	 1	456.66	  0.05
44	19	v	 1	 1	 2	 1	 1	 1	 1	384.69	  0.05
44	19	v	 1	 1	 1	 3	 1	 1	 1	420.83	  0.05
44	19	v	 1	 2	 2	 5	 2	 2	 1	301.39	  0.05
44	19	v	 1	 1	 1	 2	 1	 1	 1	420.42	  0.05
44	19	v	 1	 2	 1	 4	 2	 2	 1	398.61	  0.05
44	19	v	 1	 2	 4	-1	 2	 2	 1	455.44	  0.05
44	19	v	 1	 2	 1	 4	 2	 2	 1	400.37	  0.05
44	19	v	 1	 1	 0	-1	 1	 1	 1	432.20	  0.05
44	19	v	 1	 2	 2	 6	 2	 2	 1	299.88	  0.05
44	19	v	 1	 2	 2	 3	 2	 2	 1	423.56	  0.05
44	19	v	 1	 2	 0	-1	 2	 2	 1	516.50	  0.06
44	19	v	 1	 1	 4	-1	 1	 1	 1	357.95	  0.05
44	19	v	 1	 2	 3	 3	 2	 2	 1	378.38	  0.05
44	19	v	 1	 1	 1	 3	 1	 1	 1	337.00	  0.05
44	19	v	 1	 2	 0	-1	 2	 2	 1	309.10	  0.06
44	19	v	 1	 1	 0	-1	 1	 1	 1	509.97	  0.05
44	19	v	 1	 2	 0	-1	 2	 2	 1	384.33	  0.05
44	19	v	 1	 2	 2	 3	 2	 2	 1	367.47	  0.05
44	19	v	 1	 2	 1	 3	 2	 2	 1	367.10	  0.06
44	19	v	 1	 1	 3	 3	 1	 1	 1	445.05	  0.05
44	19	v	 1	 1	 3	 1	 1	 1	 1	451.26	  0.05
44	19	v	 1	 2	 0	-1	 2	 2	 1	420.79	  0.06
44	19	v	 1	 1	 2	 1	 1	 1	 1	415.37	  0.05
44	19	v	 1	 2	 3	 4	 2	 2	 1	324.39	  0.05
44	19	v	 1	 1	 1	 2	 1	 1	 1	357.67	  0.05
44	19	v	 1	 1	 4	-1	 1	 1	 1	480.48	  0.05
44	19	v	 1	 2	 0	-1	 2	 2	 1	465.91	  0.05
44	19	v	 1	 1	 2	 4	 1	 1	 1	538.00	  0.06
44	19	v	 1	 2	 0	-1	 2	 2	 1	432.48	  0.05
44	19	v	 1	 2	 3	 3	 2	 2	 1	398.44	  0.05
44	19	v	 1	 1	 0	-1	 1	 1	 1	409.91	  0.05
44	19	v	 1	 2	 4	-1	 2	 2	 1	389.09	  0.05
44	19	v	 1	 1	 3	 1	 1	 1	 1	428.99	  0.05
44	19	v	 1	 2	 1	 1	 2	 2	 1	382.59	  0.06
44	19	v	 1	 2	 3	 1	 2	 2	 1	423.18	  0.06
44	19	v	 1	 1	 2	 3	 1	 1	 1	430.27	  0.05
44	19	v	 1	 1	 0	-1	 1	 1	 1	568.76	  0.06
44	19	v	 1	 1	 0	-1	 1	 1	 1	380.30	  0.06
44	19	v	 1	 1	 4	-1	 1	 1	 1	424.88	  0.06
44	19	v	 1	 2	 1	 3	 2	 2	 1	354.10	  0.06
44	19	v	 1	 1	 1	 1	 1	 1	 1	415.24	  0.05
44	19	v	 1	 1	 4	-1	 1	 1	 1	459.54	  0.05
44	19	v	 1	 2	 4	-1	 2	 2	 1	244.72	  0.05
44	19	v	 1	 1	 2	 2	 1	 1	 1	320.31	  0.05
44	19	v	 1	 2	 4	-1	 2	 2	 1	284.01	  0.05
44	19	v	 1	 2	 1	 2	 2	 2	 1	596.27	  0.06
44	19	v	 1	 1	 3	 3	 1	 1	 1	358.84	  0.05
44	19	v	 1	 1	 3	 2	 1	 1	 1	424.36	  0.05
44	19	v	 1	 2	 4	-1	 2	 2	 1	407.12	  0.05
44	19	v	 1	 2	 3	 4	 2	 2	 1	360.62	  0.05
44	19	v	 1	 1	 2	 5	 1	 1	 1	344.17	  0.06
44	19	v	 1	 1	 3	 2	 1	 1	 1	430.41	  0.05
44	19	v	 1	 1	 4	-1	 1	 1	 1	437.29	  0.05
44	19	v	 1	 2	 2	 4	 2	 2	 1	313.41	  0.05
44	19	v	 1	 2	 2	 4	 2	 2	 1	342.33	  0.05
44	19	v	 1	 1	 1	 4	 1	 1	 1	440.79	  0.05
44	19	v	 1	 1	 0	-1	 1	 1	 1	418.89	  0.05
44	19	v	 1	 2	 3	 2	 2	 2	 1	298.91	  0.05
44	19	v	 1	 2	 4	-1	 2	 2	 1	549.70	  0.05
44	19	v	 1	 1	 4	-1	 1	 1	 1	407.18	  0.06
44	19	v	 2	 1	 1	 4	 1	 1	 1	426.09	  0.05
44	19	v	 2	 1	 4	-1	 1	 1	 1	429.38	  0.05
44	19	v	 2	 1	 1	 4	 1	 1	 1	538.24	  0.05
44	19	v	 2	 1	 2	 2	 1	 1	 1	481.76	  0.05
44	19	v	 2	 2	 3	 4	 2	 2	 1	442.89	  0.05
44	19	v	 2	 1	 2	 6	 1	 1	 1	334.84	  0.07
44	19	v	 2	 1	 1	 1	 1	 1	 1	429.07	  0.05
44	19	v	 2	 2	 4	-1	 2	 2	 1	272.45	  0.05
44	19	v	 2	 1	 0	-1	 1	 1	 1	392.53	  0.05
44	19	v	 2	 2	 2	 6	 2	 2	 1	248.55	  0.05
44	19	v	 2	 1	 0	-1	 1	 2	 0	328.19	  0.06
44	19	v	 2	 2	 1	 1	 2	 2	 1	443.32	  0.05
44	19	v	 2	 2	 3	 2	 2	 2	 1	437.70	  0.05
44	19	v	 2	 1	 3	 1	 1	 1	 1	359.01	  0.05
44	19	v	 2	 2	 3	 2	 2	 2	 1	313.38	  0.05
44	19	v	 2	 1	 2	 3	 1	 1	 1	416.41	  0.05
44	19	v	 2	 2	 0	-1	 2	 2	 1	419.39	  0.05
44	19	v	 2	 1	 4	-1	 1	 1	 1	364.92	  0.05
44	19	v	 2	 2	 1	 2	 2	 2	 1	365.42	  0.05
44	19	v	 2	 2	 3	 4	 2	 2	 1	471.20	  0.05
44	19	v	 2	 1	 1	 4	 1	 1	 1	338.11	  0.05
44	19	v	 2	 2	 1	 4	 2	 2	 1	285.08	  0.05
44	19	v	 2	 1	 0	-1	 1	 1	 1	515.49	  0.05
44	19	v	 2	 2	 0	-1	 2	 2	 1	328.55	  0.05
44	19	v	 2	 2	 2	 4	 2	 2	 1	472.35	  0.06
44	19	v	 2	 1	 2	 4	 1	 1	 1	351.48	  0.07
44	19	v	 2	 2	 0	-1	 2	 2	 1	408.77	  0.06
44	19	v	 2	 2	 3	 3	 2	 2	 1	452.90	  0.05
44	19	v	 2	 1	 3	 3	 1	 1	 1	397.84	  0.05
44	19	v	 2	 2	 4	-1	 2	 2	 1	290.68	  0.06
44	19	v	 2	 2	 4	-1	 2	 2	 1	431.29	  0.05
44	19	v	 2	 2	 0	-1	 2	 2	 1	466.66	  0.05
44	19	v	 2	 1	 0	-1	 1	 1	 1	546.41	  0.05
44	19	v	 2	 2	 2	 2	 2	 2	 1	408.07	  0.05
44	19	v	 2	 1	 4	-1	 1	 1	 1	419.53	  0.06
44	19	v	 2	 1	 1	 3	 1	 1	 1	418.68	  0.05
44	19	v	 2	 2	 2	 3	 2	 2	 1	359.71	  0.05
44	19	v	 2	 2	 4	-1	 2	 2	 1	363.71	  0.05
44	19	v	 2	 1	 2	 2	 1	 1	 1	515.12	  0.06
44	19	v	 2	 2	 2	 5	 2	 2	 1	323.85	  0.05
44	19	v	 2	 2	 1	 4	 2	 2	 1	426.96	  0.05
44	19	v	 2	 1	 3	 4	 1	 1	 1	335.61	  0.05
44	19	v	 2	 1	 3	 1	 1	 1	 1	450.46	  0.05
44	19	v	 2	 2	 4	-1	 2	 2	 1	358.70	  0.05
44	19	v	 2	 1	 4	-1	 1	 1	 1	333.98	  0.05
44	19	v	 2	 2	 4	-1	 2	 2	 1	321.79	  0.06
44	19	v	 2	 1	 1	 1	 1	 1	 1	404.31	  0.06
44	19	v	 2	 1	 0	-1	 1	 1	 1	457.09	  0.05
44	19	v	 2	 2	 2	 1	 2	 2	 1	303.14	  0.05
44	19	v	 2	 1	 3	 3	 1	 1	 1	705.42	  0.05
44	19	v	 2	 1	 0	-1	 1	 1	 1	437.27	  0.05
44	19	v	 2	 1	 2	 4	 1	 1	 1	472.56	  0.06
44	19	v	 2	 1	 4	-1	 1	 1	 1	450.57	  0.05
44	19	v	 2	 2	 3	 1	 2	 2	 1	304.88	  0.05
44	19	v	 2	 1	 4	-1	 1	 1	 1	346.45	  0.06
44	19	v	 2	 2	 1	 2	 2	 2	 1	285.33	  0.05
44	19	v	 2	 2	 0	-1	 2	 2	 1	560.83	  0.06
44	19	v	 2	 1	 3	 4	 1	 1	 1	323.93	  0.05
44	19	v	 2	 2	 0	-1	 2	 2	 1	357.15	  0.06
44	19	v	 2	 2	 1	 1	 2	 1	 0	332.52	  0.05
44	19	v	 3	 2	 1	 2	 2	 2	 1	348.41	  0.06
44	19	v	 3	 2	 2	 5	 2	 2	 1	430.07	  0.06
44	19	v	 3	 1	 2	 1	 1	 1	 1	391.98	  0.05
44	19	v	 3	 2	 0	-1	 2	 1	 0	337.96	  0.05
44	19	v	 3	 1	 0	-1	 1	 2	 0	354.62	  0.05
44	19	v	 3	 2	 2	 3	 2	 2	 1	317.69	  0.06
44	19	v	 3	 1	 0	-1	 1	 1	 1	346.64	  0.05
44	19	v	 3	 1	 4	-1	 1	 1	 1	436.81	  0.06
44	19	v	 3	 2	 3	 1	 2	 2	 1	337.37	  0.06
44	19	v	 3	 2	 0	-1	 2	 2	 1	402.80	  0.06
44	19	v	 3	 2	 1	 3	 2	 2	 1	377.64	  0.05
44	19	v	 3	 1	 1	 2	 1	 1	 1	553.09	  0.06
44	19	v	 3	 1	 4	-1	 1	 1	 1	493.02	  0.05
44	19	v	 3	 1	 3	 2	 1	 1	 1	457.27	  0.05
44	19	v	 3	 2	 0	-1	 2	 2	 1	471.95	  0.05
44	19	v	 3	 1	 3	 1	 1	 1	 1	416.64	  0.05
44	19	v	 3	 1	 3	 4	 1	 1	 1	411.36	  0.05
44	19	v	 3	 1	 0	-1	 1	 1	 1	447.75	  0.05
44	19	v	 3	 1	 4	-1	 1	 1	 1	367.95	  0.05
44	19	v	 3	 2	 2	 6	 2	 2	 1	334.78	  0.05
44	19	v	 3	 2	 1	 4	 2	 2	 1	351.30	  0.05
44	19	v	 3	 2	 4	-1	 2	 2	 1	404.44	  0.06
44	19	v	 3	 1	 2	 5	 1	 1	 1	358.56	  0.05
44	19	v	 3	 1	 2	 6	 1	 1	 1	411.62	  0.06
44	19	v	 3	 1	 4	-1	 1	 1	 1	357.47	  0.06
44	19	v	 3	 2	 4	-1	 2	 2	 1	386.04	  0.05
44	19	v	 3	 2	 4	-1	 2	 2	 1	315.77	  0.05
44	19	v	 3	 2	 2	 2	 2	 2	 1	373.91	  0.05
44	19	v	 3	 1	 3	 3	 1	 1	 1	418.56	  0.05
44	19	v	 3	 1	 2	 5	 1	 1	 1	393.30	  0.05
44	19	v	 3	 2	 3	 3	 2	 2	 1	351.18	  0.05
44	19	v	 3	 1	 3	 2	 1	 1	 1	437.08	  0.05
44	19	v	 3	 2	 2	 4	 2	 2	 1	345.37	  0.05
44	19	v	 3	 2	 4	-1	 2	 2	 1	365.98	  0.05
44	19	v	 3	 1	 1	 2	 1	 1	 1	292.86	  0.05
44	19	v	 3	 1	 3	 2	 1	 1	 1	653.64	  0.05
44	19	v	 3	 2	 0	-1	 2	 2	 1	349.58	  0.05
44	19	v	 3	 2	 3	 3	 2	 2	 1	423.19	  0.05
44	19	v	 3	 1	 1	 3	 1	 1	 1	323.99	  0.05
44	19	v	 3	 2	 0	-1	 2	 2	 1	410.50	  0.05
44	19	v	 3	 1	 1	 1	 1	 1	 1	393.11	  0.05
44	19	v	 3	 2	 1	 3	 2	 2	 1	318.84	  0.05
44	19	v	 3	 2	 4	-1	 2	 2	 1	323.40	  0.06
44	19	v	 3	 1	 1	 3	 1	 1	 1	356.62	  0.06
44	19	v	 3	 1	 4	-1	 1	 1	 1	401.52	  0.05
44	19	v	 3	 2	 1	 1	 2	 2	 1	281.87	  0.05
44	19	v	 3	 1	 0	-1	 1	 1	 1	504.75	  0.05
44	19	v	 3	 1	 4	-1	 1	 1	 1	436.13	  0.05
44	19	v	 3	 1	 2	 3	 1	 1	 1	385.43	  0.06
44	19	v	 3	 1	 1	 2	 1	 1	 1	438.12	  0.05
44	19	v	 3	 2	 0	-1	 2	 2	 1	436.57	  0.05
44	19	v	 3	 2	 3	 4	 2	 2	 1	333.24	  0.05
44	19	v	 3	 1	 2	 1	 1	 1	 1	390.53	  0.05
44	19	v	 3	 2	 4	-1	 2	 2	 1	398.17	  0.05
44	19	v	 3	 2	 2	 1	 2	 2	 1	422.12	  0.05
44	19	v	 3	 2	 1	 3	 2	 2	 1	429.06	  0.05
44	19	v	 3	 2	 3	 2	 2	 2	 1	370.54	  0.05
44	19	v	 3	 1	 0	-1	 1	 1	 1	464.37	  0.05
44	19	v	 3	 2	 3	 1	 2	 2	 1	368.37	  0.06
44	19	v	 3	 1	 0	-1	 1	 1	 1	478.31	  0.05
