39	18	v	 0	 1	 2	 2	 1	 1	 1	468.12	  0.05
39	18	v	 0	 2	 2	 2	 2	 2	 1	359.65	  0.06
39	18	v	 0	 2	 0	-1	 2	 2	 1	506.97	  0.05
39	18	v	 0	 2	 2	 1	 2	 2	 1	394.11	  0.06
39	18	v	 0	 1	 4	-1	 1	 1	 1	331.56	  0.07
39	18	v	 0	 1	 3	 1	 1	 1	 1	516.38	  0.06
39	18	v	 0	 2	 3	 1	 2	 2	 1	357.92	  0.05
39	18	v	 0	 1	 1	 1	 1	 1	 1	345.59	  0.05
39	18	v	 0	 2	 2	 5	 2	 2	 1	362.11	  0.05
39	18	v	 0	 1	 4	-1	 1	 1	 1	308.85	  0.05
39	18	v	 0	 2	 4	-1	 2	 2	 1	350.51	  0.05
39	18	v	 0	 1	 0	-1	 1	 1	 1	342.06	  0.05
39	18	v	 0	 2	 0	-1	 2	 2	 1	342.40	  0.05
39	18	v	 0	 1	 4	-1	 1	 1	 1	350.71	  0.05
39	18	v	 0	 2	 4	-1	 2	 2	 1	276.85	  0.05
39	18	v	 0	 2	 2	 4	 2	 2	 1	516.22	  0.06
39	18	v	 0	 2	 1	 2	 2	 1	 0	373.72	  0.05
39	18	v	 0	 1	 4	-1	 1	 1	 1	496.26	  0.05
39	18	v	 0	 1	 2	 2	 1	 1	 1	465.15	  0.05
39	18	v	 0	 2	 0	-1	 2	 2	 1	369.14	  0.05
39	18	v	 0	 2	 4	-1	 2	 2	 1	533.03	  0.05
39	18	v	 0	 2	 3	 1	 2	 2	 1	550.05	  0.06
39	18	v	 0	 1	 3	 2	 1	 1	 1	493.25	  0.06
39	18	v	 0	 1	 3	 1	 1	 1	 1	433.55	  0.06
39	18	v	 0	 1	 2	 4	 1	 1	 1	411.52	  0.06
39	18	v	 0	 2	 1	 1	 2	 2	 1	574.32	  0.05
39	18	v	 0	 2	 1	 3	 2	 2	 1	517.27	  0.05
39	18	v	 0	 2	 3	 3	 2	 2	 1	317.65	  0.07
39	18	v	 0	 1	 3	 4	 1	 1	 1	367.36	  0.05
39	18	v	 0	 1	 0	-1	 1	 1	 1	440.75	  0.05
39	18	v	 0	 2	 4	-1	 2	 2	 1	459.64	  0.05
39	18	v	 0	 2	 3	 2	 2	 1	 0	420.99	  0.06
39	18	v	 0	 1	 3	 1	 1	 1	 1	465.17	  0.05
39	18	v	 0	 2	 2	 2	 2	 2	 1	618.65	  0.06
39	18	v	 0	 1	 4	-1	 1	 1	 1	429.53	  0.05
39	18	v	 0	 2	 1	 3	 2	 2	 1	620.91	  0.06
39	18	v	 0	 1	 0	-1	 1	 1	 1	505.56	  0.05
39	18	v	 0	 1	 3	 3	 1	 1	 1	466.48	  0.05
39	18	v	 0	 1	 1	 3	 1	 1	 1	562.51	  0.05
39	18	v	 0	 2	 3	 2	 2	 2	 1	411.63	  0.06
39	18	v	 0	 1	 1	 3	 1	 1	 1	422.92	  0.05
39	18	v	 0	 2	 0	-1	 2	 2	 1	388.84	  0.05
39	18	v	 0	 2	 0	-1	 2	 2	 1	740.48	  0.06
39	18	v	 0	 2	 1	 2	 2	 2	 1	508.55	  0.05
39	18	v	 0	 1	 1	 3	 1	 1	 1	444.34	  0.05
39	18	v	 0	 1	 0	-1	 1	 1	 1	492.02	  0.05
39	18	v	 0	 2	 4	-1	 2	 2	 1	391.41	  0.05
39	18	v	 0	 2	 2	 6	 2	 2	 1	615.88	  0.05
39	18	v	 0	 2	 1	 4	 2	 2	 1	394.42	  0.05
39	18	v	 0	 1	 2	 4	 1	 1	 1	516.97	  0.07
39	18	v	 0	 1	 1	 4	 1	 1	 1	693.91	  0.05
39	18	v	 0	 1	 1	 4	 1	 1	 1	466.99	  0.05
39	18	v	 0	 1	 2	 5	 1	 1	 1	563.09	  0.05
39	18	v	 0	 2	 3	 3	 2	 2	 1	531.00	  0.05
39	18	v	 0	 1	 0	-1	 1	 1	 1	569.43	  0.05
39	18	v	 0	 1	 0	-1	 1	 1	 1	524.09	  0.06
39	18	v	 0	 2	 4	-1	 2	 2	 1	570.39	  0.05
39	18	v	 0	 2	 0	-1	 2	 2	 1	726.35	  0.06
39	18	v	 0	 1	 2	 6	 1	 1	 1	428.96	  0.05
39	18	v	 0	 1	 4	-1	 1	 1	 1	403.32	  0.05
39	18	v	 1	 2	 4	-1	 2	 2	 1	416.26	  0.05
39	18	v	 1	 1	 2	 3	 1	 1	 1	451.86	  0.05
39	18	v	 1	 2	 2	 3	 2	 2	 1	327.88	  0.06
39	18	v	 1	 1	 0	-1	 1	 1	 1	504.04	  0.05
39	18	v	 1	 2	 3	 2	 2	 2	 1	505.43	  0.06
39	18	v	 1	 1	 1	 1	 1	 1	 1	498.55	  0.06
39	18	v	 1	 2	 1	 4	 2	 2	 1	401.94	  0.05
39	18	v	 1	 2	 2	 4	 2	 2	 1	487.15	  0.05
39	18	v	 1	 2	 4	-1	 2	 2	 1	525.57	  0.05
39	18	v	 1	 1	 4	-1	 1	 1	 1	502.21	  0.06
39	18	v	 1	 1	 0	-1	 1	 1	 1	392.96	  0.06
39	18	v	 1	 2	 2	 3	 2	 2	 1	367.62	  0.05
39	18	v	 1	 1	 4	-1	 1	 1	 1	391.86	  0.06
39	18	v	 1	 1	 0	-1	 1	 1	 1	485.37	  0.05
39	18	v	 1	 2	 1	 2	 2	 2	 1	364.79	  0.06
39	18	v	 1	 2	 4	-1	 2	 2	 1	511.61	  0.05
39	18	v	 1	 1	 2	 6	 1	 1	 1	439.35	  0.10
39	18	v	 1	 2	 2	 6	 2	 2	 1	474.61	  0.06
39	18	v	 1	 1	 2	 1	 1	 1	 1	361.91	  0.06
39	18	v	 1	 2	 3	 4	 2	 2	 1	358.22	  0.05
39	18	v	 1	 2	 3	 1	 2	 2	 1	595.12	  0.05
39	18	v	 1	 2	 1	 4	 2	 2	 1	554.21	  0.07
39	18	v	 1	 1	 3	 2	 1	 1	 1	395.02	  0.05
39	18	v	 1	 2	 0	-1	 2	 2	 1	345.16	  0.05
39	18	v	 1	 1	 2	 5	 1	 1	 1	382.08	  0.05
39	18	v	 1	 2	 4	-1	 2	 2	 1	352.98	  0.05
39	18	v	 1	 1	 4	-1	 1	 1	 1	373.55	  0.05
39	18	v	 1	 1	 3	 2	 1	 1	 1	418.12	  0.05
39	18	v	 1	 1	 2	 1	 1	 1	 1	359.54	  0.06
39	18	v	 1	 2	 2	 5	 2	 2	 1	490.51	  0.05
39	18	v	 1	 2	 4	-1	 2	 2	 1	373.54	  0.05
39	18	v	 1	 2	 3	 3	 2	 2	 1	410.31	  0.05
39	18	v	 1	 2	 2	 1	 2	 2	 1	662.88	  0.05
39	18	v	 1	 1	 2	 3	 1	 1	 1	370.84	  0.05
39	18	v	 1	 2	 0	-1	 2	 2	 1	595.76	  0.05
39	18	v	 1	 2	 0	-1	 2	 2	 1	526.05	  0.06
39	18	v	 1	 1	 1	 2	 1	 1	 1	445.90	  0.05
39	18	v	 1	 2	 3	 4	 2	 2	 1	435.56	  0.05
39	18	v	 1	 1	 3	 4	 1	 1	 1	380.94	  0.05
39	18	v	 1	 2	 4	-1	 2	 2	 1	335.44	  0.05
39	18	v	 1	 2	 0	-1	 2	 2	 1	446.22	  0.05
39	18	v	 1	 2	 3	 4	 2	 2	 1	452.81	  0.06
39	18	v	 1	 1	 4	-1	 1	 1	 1	426.36	  0.06
39	18	v	 1	 1	 0	-1	 1	 1	 1	490.64	  0.05
39	18	v	 1	 2	 0	-1	 2	 2	 1	668.40	  0.05
39	18	v	 1	 1	 1	 2	 1	 1	 1	474.33	  0.06
39	18	v	 1	 1	 4	-1	 1	 1	 1	525.73	  0.05
39	18	v	 1	 1	 1	 4	 1	 1	 1	428.60	  0.06
39	18	v	 1	 1	 4	-1	 1	 1	 1	362.34	  0.05
39	18	v	 1	 2	 1	 1	 2	 2	 1	492.74	  0.05
39	18	v	 1	 1	 1	 1	 1	 1	 1	551.83	  0.06
39	18	v	 1	 1	 3	 4	 1	 1	 1	453.88	  0.05
39	18	v	 1	 1	 3	 3	 1	 1	 1	407.07	  0.05
39	18	v	 1	 1	 0	-1	 1	 1	 1	406.61	  0.06
39	18	v	 1	 2	 1	 1	 2	 2	 1	413.50	  0.05
39	18	v	 1	 1	 0	-1	 1	 1	 1	396.12	  0.05
39	18	v	 1	 2	 0	-1	 2	 2	 1	477.26	  0.05
39	18	v	 1	 1	 3	 3	 1	 1	 1	356.42	  0.06
39	18	v	 1	 2	 1	 3	 2	 2	 1	335.78	  0.07
39	18	v	 1	 1	 1	 2	 1	 1	 1	368.70	  0.05
39	18	v	 2	 2	 1	 4	 2	 2	 1	579.86	  0.06
39	18	v	 2	 2	 2	 4	 2	 2	 1	461.78	  0.06
39	18	v	 2	 1	 2	 4	 1	 1	 1	422.71	  0.06
39	18	v	 2	 2	 2	 6	 2	 2	 1	396.98	  0.05
39	18	v	 2	 1	 2	 3	 1	 1	 1	363.54	  0.05
39	18	v	 2	 2	 4	-1	 2	 2	 1	424.83	  0.05
39	18	v	 2	 1	 1	 1	 1	 1	 1	341.67	  0.05
39	18	v	 2	 2	 1	 1	 2	 2	 1	354.07	  0.06
39	18	v	 2	 2	 1	 1	 2	 2	 1	435.87	  0.06
39	18	v	 2	 1	 2	 1	 1	 1	 1	360.61	  0.05
39	18	v	 2	 2	 3	 2	 2	 2	 1	286.80	  0.05
39	18	v	 2	 1	 0	-1	 1	 1	 1	513.10	  0.05
39	18	v	 2	 2	 2	 4	 2	 2	 1	366.93	  0.05
39	18	v	 2	 2	 0	-1	 2	 2	 1	473.59	  0.05
39	18	v	 2	 2	 4	-1	 2	 2	 1	565.18	  0.06
39	18	v	 2	 1	 0	-1	 1	 1	 1	352.74	  0.05
39	18	v	 2	 1	 4	-1	 1	 1	 1	442.70	  0.05
39	18	v	 2	 1	 4	-1	 1	 1	 1	396.21	  0.06
39	18	v	 2	 1	 0	-1	 1	 1	 1	510.60	  0.05
39	18	v	 2	 2	 2	 5	 2	 1	 0	335.37	  0.05
39	18	v	 2	 2	 3	 1	 2	 2	 1	466.67	  0.06
39	18	v	 2	 1	 2	 5	 1	 1	 1	407.26	  0.05
39	18	v	 2	 2	 0	-1	 2	 2	 1	463.51	  0.05
39	18	v	 2	 1	 1	 3	 1	 1	 1	461.81	  0.05
39	18	v	 2	 1	 3	 3	 1	 1	 1	394.47	  0.06
39	18	v	 2	 1	 0	-1	 1	 1	 1	426.29	  0.07
39	18	v	 2	 1	 4	-1	 1	 1	 1	417.10	  0.05
39	18	v	 2	 2	 2	 1	 2	 2	 1	338.03	  0.05
39	18	v	 2	 1	 0	-1	 1	 1	 1	395.54	  0.05
39	18	v	 2	 1	 3	 2	 1	 1	 1	533.98	  0.07
39	18	v	 2	 1	 0	-1	 1	 1	 1	400.18	  0.05
39	18	v	 2	 2	 4	-1	 2	 2	 1	386.63	  0.05
39	18	v	 2	 2	 1	 4	 2	 2	 1	439.03	  0.05
39	18	v	 2	 2	 3	 2	 2	 2	 1	503.21	  0.06
39	18	v	 2	 1	 1	 1	 1	 1	 1	353.21	  0.05
39	18	v	 2	 2	 3	 3	 2	 2	 1	415.05	  0.06
39	18	v	 2	 1	 4	-1	 1	 1	 1	351.94	  0.05
39	18	v	 2	 1	 3	 1	 1	 1	 1	405.25	  0.05
39	18	v	 2	 2	 3	 1	 2	 2	 1	350.97	  0.05
39	18	v	 2	 2	 4	-1	 2	 2	 1	473.79	  0.05
39	18	v	 2	 2	 4	-1	 2	 2	 1	467.48	  0.05
39	18	v	 2	 1	 3	 4	 1	 1	 1	485.89	  0.05
39	18	v	 2	 2	 1	 1	 2	 2	 1	323.57	  0.05
39	18	v	 2	 2	 1	 2	 2	 2	 1	639.63	  0.05
39	18	v	 2	 2	 0	-1	 2	 2	 1	487.19	  0.05
39	18	v	 2	 2	 0	-1	 2	 2	 1	550.34	  0.05
39	18	v	 2	 1	 3	 4	 1	 1	 1	427.99	  0.06
39	18	v	 2	 1	 1	 1	 1	 1	 1	333.05	  0.06
39	18	v	 2	 1	 4	-1	 1	 1	 1	410.89	  0.05
39	18	v	 2	 2	 0	-1	 2	 2	 1	422.24	  0.05
39	18	v	 2	 1	 1	 3	 1	 1	 1	457.79	  0.05
39	18	v	 2	 1	 4	-1	 1	 1	 1	402.60	  0.05
39	18	v	 2	 2	 2	 2	 2	 2	 1	344.86	  0.05
39	18	v	 2	 2	 3	 1	 2	 2	 1	356.89	  0.05
39	18	v	 2	 1	 3	 4	 1	 1	 1	364.85	  0.08
39	18	v	 2	 2	 0	-1	 2	 2	 1	356.54	  0.06
39	18	v	 2	 1	 2	 2	 1	 1	 1	463.02	  0.05
39	18	v	 2	 1	 2	 3	 1	 1	 1	416.15	  0.05
39	18	v	 2	 2	 4	-1	 2	 2	 1	566.42	  0.05
39	18	v	 2	 1	 1	 2	 1	 1	 1	333.45	  0.05
39	18	v	 3	 2	 4	-1	 2	 2	 1	541.49	  0.06
39	18	v	 3	 2	 2	 1	 2	 2	 1	414.97	  0.05
39	18	v	 3	 2	 4	-1	 2	 2	 1	467.21	  0.05
39	18	v	 3	 1	 4	-1	 1	 1	 1	325.76	  0.05
39	18	v	 3	 2	 3	 4	 2	 2	 1	367.24	  0.05
39	18	v	 3	 1	 0	-1	 1	 1	 1	350.46	  0.05
39	18	v	 3	 2	 3	 4	 2	 2	 1	358.55	  0.05
39	18	v	 3	 2	 3	 3	 2	 2	 1	649.19	  0.05
39	18	v	 3	 2	 1	 3	 2	 2	 1	644.22	  0.05
39	18	v	 3	 1	 1	 3	 1	 1	 1	307.54	  0.06
39	18	v	 3	 1	 0	-1	 1	 1	 1	463.62	  0.06
39	18	v	 3	 2	 1	 3	 2	 2	 1	392.46	  0.05
39	18	v	 3	 1	 3	 3	 1	 1	 1	326.77	  0.05
39	18	v	 3	 2	 4	-1	 2	 2	 1	412.68	  0.05
39	18	v	 3	 1	 0	-1	 1	 1	 1	374.73	  0.10
39	18	v	 3	 2	 2	 3	 2	 2	 1	345.80	  0.05
39	18	v	 3	 2	 2	 2	 2	 2	 1	411.45	  0.06
39	18	v	 3	 2	 0	-1	 2	 2	 1	623.85	  0.05
39	18	v	 3	 2	 0	-1	 2	 2	 1	450.81	  0.05
39	18	v	 3	 1	 4	-1	 1	 1	 1	330.52	  0.05
39	18	v	 3	 1	 3	 1	 1	 1	 1	523.53	  0.05
39	18	v	 3	 1	 4	-1	 1	 1	 1	372.93	  0.06
39	18	v	 3	 1	 0	-1	 1	 1	 1	331.72	  0.06
39	18	v	 3	 2	 3	 2	 2	 2	 1	659.78	  0.05
39	18	v	 3	 2	 1	 4	 2	 2	 1	388.46	  0.05
39	18	v	 3	 2	 1	 2	 2	 2	 1	453.30	  0.05
39	18	v	 3	 2	 2	 3	 2	 2	 1	512.92	  0.07
39	18	v	 3	 1	 2	 6	 1	 1	 1	358.68	  0.05
39	18	v	 3	 1	 1	 4	 1	 1	 1	358.58	  0.05
39	18	v	 3	 2	 0	-1	 2	 2	 1	514.25	  0.06
39	18	v	 3	 2	 4	-1	 2	 2	 1	515.39	  0.05
39	18	v	 3	 1	 3	 2	 1	 1	 1	475.40	  0.05
39	18	v	 3	 1	 4	-1	 1	 1	 1	580.31	  0.05
39	18	v	 3	 1	 3	 3	 1	 1	 1	355.29	  0.05
39	18	v	 3	 1	 1	 4	 1	 1	 1	298.17	  0.05
39	18	v	 3	 2	 3	 4	 2	 2	 1	499.51	  0.05
39	18	v	 3	 1	 2	 4	 1	 1	 1	501.29	  0.05
39	18	v	 3	 2	 2	 6	 2	 2	 1	416.59	  0.06
39	18	v	 3	 1	 2	 5	 1	 1	 1	333.63	  0.05
39	18	v	 3	 1	 1	 4	 1	 1	 1	399.09	  0.05
39	18	v	 3	 1	 0	-1	 1	 1	 1	385.99	  0.05
39	18	v	 3	 2	 2	 5	 2	 2	 1	406.02	  0.05
39	18	v	 3	 1	 2	 6	 1	 1	 1	355.85	  0.05
39	18	v	 3	 2	 1	 3	 2	 2	 1	413.08	  0.06
39	18	v	 3	 2	 4	-1	 2	 2	 1	428.53	  0.05
39	18	v	 3	 1	 4	-1	 1	 1	 1	390.37	  0.05
39	18	v	 3	 1	 3	 1	 1	 1	 1	382.01	  0.06
39	18	v	 3	 2	 3	 3	 2	 2	 1	680.15	  0.06
39	18	v	 3	 2	 0	-1	 2	 2	 1	502.44	  0.05
39	18	v	 3	 1	 1	 2	 1	 1	 1	421.89	  0.05
39	18	v	 3	 2	 1	 2	 2	 2	 1	596.83	  0.05
39	18	v	 3	 1	 2	 1	 1	 1	 1	498.99	  0.07
39	18	v	 3	 2	 0	-1	 2	 2	 1	389.75	  0.05
39	18	v	 3	 1	 0	-1	 1	 1	 1	307.13	  0.05
39	18	v	 3	 1	 3	 2	 1	 1	 1	438.93	  0.05
39	18	v	 3	 2	 4	-1	 2	 2	 1	392.39	  0.06
39	18	v	 3	 1	 2	 2	 1	 1	 1	404.00	  0.06
39	18	v	 3	 1	 4	-1	 1	 1	 1	398.71	  0.06
39	18	v	 3	 1	 1	 2	 1	 1	 1	529.31	  0.06
39	18	v	 3	 2	 0	-1	 2	 2	 1	661.45	  0.05
