39	24	m	 0	 2	 2	 1	 2	 2	 1	381.09	  0.05
39	24	m	 0	 1	 4	-1	 1	 1	 1	311.51	  0.05
39	24	m	 0	 1	 2	 4	 1	 1	 1	402.24	  0.05
39	24	m	 0	 1	 4	-1	 1	 1	 1	427.51	  0.05
39	24	m	 0	 2	 2	 5	 2	 2	 1	327.77	  0.05
39	24	m	 0	 1	 0	-1	 1	 1	 1	402.99	  0.05
39	24	m	 0	 2	 4	-1	 2	 2	 1	365.73	  0.05
39	24	m	 0	 2	 0	-1	 2	 2	 1	394.87	  0.05
39	24	m	 0	 2	 4	-1	 2	 2	 1	615.91	  0.05
39	24	m	 0	 1	 3	 3	 1	 1	 1	350.05	  0.05
39	24	m	 0	 1	 3	 2	 1	 1	 1	452.89	  0.05
39	24	m	 0	 1	 0	-1	 1	 1	 1	468.06	  0.06
39	24	m	 0	 2	 4	-1	 2	 2	 1	380.54	  0.05
39	24	m	 0	 2	 3	 2	 2	 2	 1	331.59	  0.05
39	24	m	 0	 1	 0	-1	 1	 1	 1	373.56	  0.05
39	24	m	 0	 2	 0	-1	 2	 2	 1	521.56	  0.09
39	24	m	 0	 2	 3	 2	 2	 2	 1	338.64	  0.06
39	24	m	 0	 1	 2	 1	 1	 1	 1	437.73	  0.05
39	24	m	 0	 2	 3	 2	 2	 2	 1	305.70	  0.05
39	24	m	 0	 2	 3	 1	 2	 2	 1	388.90	  0.05
39	24	m	 0	 2	 4	-1	 2	 2	 1	397.25	  0.06
39	24	m	 0	 2	 1	 3	 2	 2	 1	384.64	  0.06
39	24	m	 0	 1	 4	-1	 1	 1	 1	298.58	  0.05
39	24	m	 0	 1	 0	-1	 1	 1	 1	517.33	  0.05
39	24	m	 0	 2	 3	 1	 2	 2	 1	342.72	  0.05
39	24	m	 0	 2	 1	 4	 2	 2	 1	294.48	  0.06
39	24	m	 0	 1	 3	 1	 1	 1	 1	316.56	  0.05
39	24	m	 0	 1	 1	 4	 1	 1	 1	391.60	  0.05
39	24	m	 0	 1	 4	-1	 1	 1	 1	346.40	  0.05
39	24	m	 0	 2	 1	 4	 2	 2	 1	302.07	  0.05
39	24	m	 0	 2	 2	 4	 2	 2	 1	295.28	  0.08
39	24	m	 0	 2	 3	 3	 2	 1	 0	325.50	  0.05
39	24	m	 0	 1	 1	 4	 1	 1	 1	396.58	  0.09
39	24	m	 0	 1	 1	 2	 1	 1	 1	441.17	  0.05
39	24	m	 0	 1	 2	 2	 1	 1	 1	346.07	  0.05
39	24	m	 0	 2	 2	 3	 2	 2	 1	313.97	  0.05
39	24	m	 0	 1	 2	 5	 1	 1	 1	421.84	  0.05
39	24	m	 0	 2	 4	-1	 2	 2	 1	331.40	  0.05
39	24	m	 0	 1	 1	 3	 1	 1	 1	364.76	  0.05
39	24	m	 0	 2	 2	 2	 2	 1	 0	402.24	  0.05
39	24	m	 0	 1	 1	 1	 1	 1	 1	381.20	  0.05
39	24	m	 0	 2	 0	-1	 2	 2	 1	283.27	  0.06
39	24	m	 0	 1	 1	 3	 1	 1	 1	403.80	  0.05
39	24	m	 0	 1	 3	 2	 1	 1	 1	669.81	  0.05
39	24	m	 0	 1	 2	 3	 1	 1	 1	373.25	  0.06
39	24	m	 0	 2	 4	-1	 2	 2	 1	390.56	  0.05
39	24	m	 0	 1	 2	 1	 1	 1	 1	419.27	  0.06
39	24	m	 0	 1	 0	-1	 1	 1	 1	369.41	  0.05
39	24	m	 0	 2	 0	-1	 2	 2	 1	316.32	  0.05
39	24	m	 0	 2	 1	 1	 2	 2	 1	539.19	  0.05
39	24	m	 0	 2	 2	 6	 2	 2	 1	413.35	  0.05
39	24	m	 0	 2	 1	 1	 2	 2	 1	400.68	  0.05
39	24	m	 0	 1	 3	 4	 1	 1	 1	445.32	  0.06
39	24	m	 0	 2	 0	-1	 2	 2	 1	358.30	  0.05
39	24	m	 0	 1	 4	-1	 1	 1	 1	420.60	  0.05
39	24	m	 0	 1	 3	 3	 1	 1	 1	419.54	  0.05
39	24	m	 0	 1	 0	-1	 1	 1	 1	349.39	  0.08
39	24	m	 0	 2	 0	-1	 2	 2	 1	354.13	  0.05
39	24	m	 0	 1	 4	-1	 1	 1	 1	485.65	  0.05
39	24	m	 0	 2	 1	 4	 2	 2	 1	381.55	  0.05
39	24	m	 1	 1	 3	 4	 1	 1	 1	326.53	  0.06
39	24	m	 1	 2	 0	-1	 2	 2	 1	368.46	  0.05
39	24	m	 1	 2	 3	 3	 2	 2	 1	344.39	  0.05
39	24	m	 1	 1	 3	 4	 1	 1	 1	525.08	  0.05
39	24	m	 1	 1	 4	-1	 1	 1	 1	395.75	  0.06
39	24	m	 1	 2	 4	-1	 2	 2	 1	411.99	  0.05
39	24	m	 1	 2	 4	-1	 2	 2	 1	411.66	  0.06
39	24	m	 1	 1	 4	-1	 1	 1	 1	394.77	  0.05
39	24	m	 1	 2	 3	 3	 2	 2	 1	386.61	  0.06
39	24	m	 1	 1	 3	 2	 1	 1	 1	337.38	  0.06
39	24	m	 1	 1	 0	-1	 1	 1	 1	424.07	  0.05
39	24	m	 1	 2	 2	 2	 2	 2	 1	505.41	  0.10
39	24	m	 1	 2	 4	-1	 2	 2	 1	326.99	  0.05
39	24	m	 1	 2	 1	 3	 2	 2	 1	324.18	  0.05
39	24	m	 1	 1	 1	 4	 1	 1	 1	255.79	  0.05
39	24	m	 1	 2	 2	 1	 2	 2	 1	331.45	  0.06
39	24	m	 1	 1	 2	 2	 1	 1	 1	344.74	  0.05
39	24	m	 1	 1	 3	 1	 1	 1	 1	427.45	  0.05
39	24	m	 1	 2	 3	 1	 2	 2	 1	340.73	  0.06
39	24	m	 1	 2	 1	 1	 2	 2	 1	350.01	  0.05
39	24	m	 1	 1	 0	-1	 1	 1	 1	432.35	  0.05
39	24	m	 1	 2	 3	 4	 2	 2	 1	304.77	  0.05
39	24	m	 1	 2	 2	 6	 2	 2	 1	387.56	  0.06
39	24	m	 1	 1	 1	 1	 1	 1	 1	363.34	  0.05
39	24	m	 1	 1	 3	 1	 1	 1	 1	412.97	  0.05
39	24	m	 1	 1	 4	-1	 1	 1	 1	420.80	  0.05
39	24	m	 1	 2	 1	 2	 2	 2	 1	329.97	  0.05
39	24	m	 1	 1	 0	-1	 1	 1	 1	400.64	  0.06
39	24	m	 1	 1	 1	 2	 1	 1	 1	428.95	  0.05
39	24	m	 1	 1	 2	 3	 1	 1	 1	375.11	  0.05
39	24	m	 1	 2	 3	 4	 2	 2	 1	326.03	  0.05
39	24	m	 1	 1	 1	 3	 1	 1	 1	396.95	  0.05
39	24	m	 1	 2	 0	-1	 2	 2	 1	396.63	  0.05
39	24	m	 1	 1	 0	-1	 1	 1	 1	359.57	  0.05
39	24	m	 1	 2	 1	 2	 2	 2	 1	274.19	  0.05
39	24	m	 1	 2	 4	-1	 2	 2	 1	468.58	  0.07
39	24	m	 1	 1	 3	 3	 1	 1	 1	246.21	  0.05
39	24	m	 1	 2	 0	-1	 2	 2	 1	277.02	  0.05
39	24	m	 1	 2	 3	 4	 2	 2	 1	311.70	  0.06
39	24	m	 1	 1	 2	 6	 1	 1	 1	349.83	  0.05
39	24	m	 1	 2	 4	-1	 2	 2	 1	334.19	  0.06
39	24	m	 1	 2	 0	-1	 2	 1	 0	339.10	  0.05
39	24	m	 1	 2	 1	 2	 2	 2	 1	405.35	  0.05
39	24	m	 1	 2	 2	 4	 2	 2	 1	400.88	  0.05
39	24	m	 1	 1	 2	 4	 1	 1	 1	322.72	  0.05
39	24	m	 1	 1	 4	-1	 1	 1	 1	381.08	  0.05
39	24	m	 1	 1	 2	 6	 1	 2	 0	262.49	  0.05
39	24	m	 1	 1	 0	-1	 1	 1	 1	436.79	  0.08
39	24	m	 1	 2	 1	 3	 2	 2	 1	341.88	  0.06
39	24	m	 1	 1	 0	-1	 1	 2	 0	399.65	  0.05
39	24	m	 1	 1	 1	 1	 1	 1	 1	346.31	  0.05
39	24	m	 1	 1	 2	 5	 1	 1	 1	355.27	  0.06
39	24	m	 1	 2	 2	 3	 2	 2	 1	285.86	  0.06
39	24	m	 1	 2	 4	-1	 2	 2	 1	386.26	  0.05
39	24	m	 1	 2	 0	-1	 2	 2	 1	406.44	  0.11
39	24	m	 1	 2	 2	 5	 2	 2	 1	1311.15	  0.05
39	24	m	 1	 1	 4	-1	 1	 1	 1	357.55	  0.06
39	24	m	 1	 2	 0	-1	 2	 2	 1	382.64	  0.05
39	24	m	 1	 1	 4	-1	 1	 1	 1	366.42	  0.05
39	24	m	 1	 1	 1	 2	 1	 1	 1	448.81	  0.06
39	24	m	 2	 1	 4	-1	 1	 1	 1	393.25	  0.05
39	24	m	 2	 1	 0	-1	 1	 1	 1	435.17	  0.08
39	24	m	 2	 2	 3	 4	 2	 2	 1	335.57	  0.05
39	24	m	 2	 1	 3	 3	 1	 1	 1	352.71	  0.05
39	24	m	 2	 1	 4	-1	 1	 1	 1	430.89	  0.05
39	24	m	 2	 2	 2	 5	 2	 2	 1	294.91	  0.06
39	24	m	 2	 2	 3	 1	 2	 1	 0	329.18	  0.05
39	24	m	 2	 2	 2	 1	 2	 2	 1	395.82	  0.05
39	24	m	 2	 1	 0	-1	 1	 1	 1	350.63	  0.05
39	24	m	 2	 2	 0	-1	 2	 2	 1	355.26	  0.05
39	24	m	 2	 2	 0	-1	 2	 2	 1	347.53	  0.06
39	24	m	 2	 2	 4	-1	 2	 2	 1	405.66	  0.05
39	24	m	 2	 1	 4	-1	 1	 1	 1	462.48	  0.05
39	24	m	 2	 1	 2	 6	 1	 1	 1	486.28	  0.05
39	24	m	 2	 2	 1	 3	 2	 2	 1	467.79	  0.05
39	24	m	 2	 2	 2	 4	 2	 2	 1	396.63	  0.05
39	24	m	 2	 1	 2	 4	 1	 1	 1	367.83	  0.06
39	24	m	 2	 2	 3	 4	 2	 2	 1	417.18	  0.05
39	24	m	 2	 2	 0	-1	 2	 2	 1	384.17	  0.08
39	24	m	 2	 1	 1	 1	 1	 1	 1	293.60	  0.05
39	24	m	 2	 1	 1	 3	 1	 1	 1	360.62	  0.06
39	24	m	 2	 2	 0	-1	 2	 2	 1	332.53	  0.05
39	24	m	 2	 1	 1	 4	 1	 1	 1	423.75	  0.08
39	24	m	 2	 2	 3	 3	 2	 2	 1	369.79	  0.05
39	24	m	 2	 1	 2	 6	 1	 1	 1	312.64	  0.05
39	24	m	 2	 2	 1	 1	 2	 2	 1	350.83	  0.05
39	24	m	 2	 1	 0	-1	 1	 1	 1	392.24	  0.05
39	24	m	 2	 1	 0	-1	 1	 1	 1	396.20	  0.05
39	24	m	 2	 1	 1	 1	 1	 1	 1	351.07	  0.05
39	24	m	 2	 2	 2	 6	 2	 2	 1	363.84	  0.06
39	24	m	 2	 2	 4	-1	 2	 2	 1	327.81	  0.05
39	24	m	 2	 1	 0	-1	 1	 1	 1	283.47	  0.06
39	24	m	 2	 1	 2	 5	 1	 1	 1	420.23	  0.05
39	24	m	 2	 2	 1	 1	 2	 1	 0	444.07	  0.05
39	24	m	 2	 2	 3	 2	 2	 2	 1	394.02	  0.05
39	24	m	 2	 2	 4	-1	 2	 2	 1	369.70	  0.06
39	24	m	 2	 2	 2	 5	 2	 2	 1	299.96	  0.05
39	24	m	 2	 1	 1	 4	 1	 1	 1	444.88	  0.05
39	24	m	 2	 1	 3	 1	 1	 1	 1	452.04	  0.05
39	24	m	 2	 2	 0	-1	 2	 2	 1	340.34	  0.05
39	24	m	 2	 1	 1	 3	 1	 1	 1	381.98	  0.06
39	24	m	 2	 1	 3	 2	 1	 1	 1	337.17	  0.05
39	24	m	 2	 1	 4	-1	 1	 1	 1	366.59	  0.05
39	24	m	 2	 2	 0	-1	 2	 2	 1	330.13	  0.05
39	24	m	 2	 2	 1	 2	 2	 2	 1	372.24	  0.05
39	24	m	 2	 2	 1	 3	 2	 2	 1	401.09	  0.05
39	24	m	 2	 1	 3	 1	 1	 1	 1	388.40	  0.06
39	24	m	 2	 1	 2	 1	 1	 1	 1	409.18	  0.06
39	24	m	 2	 1	 3	 3	 1	 1	 1	363.24	  0.05
39	24	m	 2	 2	 4	-1	 2	 2	 1	331.08	  0.05
39	24	m	 2	 2	 4	-1	 2	 2	 1	356.70	  0.05
39	24	m	 2	 2	 1	 4	 2	 2	 1	398.15	  0.05
39	24	m	 2	 1	 4	-1	 1	 1	 1	443.38	  0.05
39	24	m	 2	 1	 4	-1	 1	 1	 1	442.19	  0.05
39	24	m	 2	 2	 3	 4	 2	 2	 1	302.02	  0.08
39	24	m	 2	 2	 4	-1	 2	 2	 1	336.08	  0.05
39	24	m	 2	 1	 3	 1	 1	 1	 1	389.94	  0.06
39	24	m	 2	 1	 0	-1	 1	 1	 1	410.34	  0.05
39	24	m	 2	 1	 2	 5	 1	 1	 1	405.88	  0.05
39	24	m	 2	 2	 2	 6	 2	 2	 1	327.76	  0.05
39	24	m	 3	 1	 1	 2	 1	 1	 1	379.64	  0.05
39	24	m	 3	 2	 2	 3	 2	 2	 1	379.56	  0.05
39	24	m	 3	 1	 1	 2	 1	 1	 1	342.93	  0.05
39	24	m	 3	 1	 3	 2	 1	 1	 1	409.21	  0.05
39	24	m	 3	 1	 4	-1	 1	 1	 1	371.94	  0.05
39	24	m	 3	 2	 1	 1	 2	 2	 1	351.64	  0.05
39	24	m	 3	 2	 0	-1	 2	 2	 1	450.42	  0.05
39	24	m	 3	 2	 1	 4	 2	 2	 1	375.44	  0.05
39	24	m	 3	 2	 2	 3	 2	 2	 1	424.81	  0.05
39	24	m	 3	 1	 0	-1	 1	 1	 1	362.70	  0.05
39	24	m	 3	 1	 2	 1	 1	 1	 1	359.01	  0.06
39	24	m	 3	 2	 3	 2	 2	 2	 1	343.17	  0.05
39	24	m	 3	 2	 1	 4	 2	 2	 1	368.86	  0.05
39	24	m	 3	 1	 3	 4	 1	 1	 1	393.37	  0.09
39	24	m	 3	 1	 2	 3	 1	 1	 1	438.11	  0.05
39	24	m	 3	 2	 1	 2	 2	 2	 1	371.71	  0.06
39	24	m	 3	 1	 1	 2	 1	 1	 1	416.92	  0.08
39	24	m	 3	 2	 3	 1	 2	 2	 1	346.99	  0.05
39	24	m	 3	 1	 0	-1	 1	 1	 1	310.57	  0.06
39	24	m	 3	 2	 4	-1	 2	 2	 1	357.01	  0.05
39	24	m	 3	 2	 4	-1	 2	 1	 0	377.89	  0.05
39	24	m	 3	 1	 1	 3	 1	 1	 1	328.97	  0.05
39	24	m	 3	 1	 2	 2	 1	 1	 1	325.92	  0.05
39	24	m	 3	 2	 2	 2	 2	 2	 1	359.57	  0.05
39	24	m	 3	 1	 1	 4	 1	 1	 1	409.27	  0.05
39	24	m	 3	 2	 1	 3	 2	 2	 1	326.94	  0.05
39	24	m	 3	 1	 0	-1	 1	 1	 1	397.75	  0.06
39	24	m	 3	 1	 2	 2	 1	 1	 1	401.73	  0.05
39	24	m	 3	 2	 3	 3	 2	 2	 1	290.79	  0.05
39	24	m	 3	 2	 2	 1	 2	 2	 1	481.01	  0.06
39	24	m	 3	 1	 0	-1	 1	 1	 1	290.90	  0.05
39	24	m	 3	 2	 3	 2	 2	 2	 1	304.79	  0.06
39	24	m	 3	 2	 0	-1	 2	 2	 1	293.71	  0.06
39	24	m	 3	 2	 2	 4	 2	 2	 1	381.36	  0.05
39	24	m	 3	 1	 3	 4	 1	 1	 1	467.90	  0.05
39	24	m	 3	 1	 4	-1	 1	 1	 1	404.68	  0.05
39	24	m	 3	 2	 2	 2	 2	 2	 1	293.75	  0.05
39	24	m	 3	 2	 4	-1	 2	 2	 1	426.23	  0.05
39	24	m	 3	 1	 1	 1	 1	 1	 1	294.65	  0.05
39	24	m	 3	 2	 4	-1	 2	 2	 1	304.42	  0.09
39	24	m	 3	 2	 3	 1	 2	 2	 1	305.78	  0.05
39	24	m	 3	 1	 3	 3	 1	 1	 1	323.48	  0.06
39	24	m	 3	 1	 3	 4	 1	 1	 1	492.40	  0.06
39	24	m	 3	 1	 4	-1	 1	 1	 1	416.88	  0.05
39	24	m	 3	 2	 0	-1	 2	 2	 1	604.63	  0.06
39	24	m	 3	 1	 0	-1	 1	 1	 1	359.20	  0.07
39	24	m	 3	 1	 4	-1	 1	 1	 1	376.51	  0.05
39	24	m	 3	 1	 3	 2	 1	 1	 1	409.03	  0.06
39	24	m	 3	 1	 4	-1	 1	 1	 1	404.57	  0.05
39	24	m	 3	 2	 3	 3	 2	 2	 1	375.46	  0.06
39	24	m	 3	 2	 0	-1	 2	 2	 1	371.61	  0.06
39	24	m	 3	 2	 4	-1	 2	 2	 1	351.67	  0.05
39	24	m	 3	 1	 2	 4	 1	 1	 1	269.88	  0.06
39	24	m	 3	 1	 0	-1	 1	 1	 1	402.82	  0.05
39	24	m	 3	 2	 4	-1	 2	 2	 1	377.77	  0.05
39	24	m	 3	 2	 0	-1	 2	 2	 1	382.16	  0.05
39	24	m	 3	 1	 2	 3	 1	 1	 1	419.12	  0.05
39	24	m	 3	 2	 0	-1	 2	 2	 1	275.23	  0.05
39	24	m	 3	 2	 1	 2	 2	 2	 1	305.69	  0.05
39	24	m	 3	 1	 4	-1	 1	 1	 1	343.82	  0.06
